#	ovr	player	pts	avg	1	2	3	4	5	6	7	8	9	10	11	12	13	14	15	16	status	bye	salary	years	position	team	year
1	1	Rodgers, Aaron	429.4	28.63	31.3	15.0	14.5	43.3	32.9	54.3	39.8	19.4	31.5	B	21.7	10.9	23.2	13.7	34.2	43.7	Free Agent	10	0.6	1.0	QB	GBP	2012
2	2	Brady, Tom	402.8	26.85	26.8	16.2	23.9	38.6	26	23	23	39	B	21.8	34.2	40.7	13.7	37.1	22.8	16.0	Canavan - Trade	9	19.0	1.0	QB	NEP	2012
3	3	Griffin III, Robert	395.9	28.28	34.7	38.2	31.8	30	5.5	43.4	32.6	10.6	16.7	B	49.8	41.1	22.5	19.8		19.2	Plummer - Trade	10	4.2	3.0	QB	WAS	2012
4	4	Ryan, Matt	395.9	26.39	43.8	26.6	32.6	30.6	24.3	10.8	B	35.9	18.2	35.3	-2	22.3	11.4	27.2	35.2	43.7	Free Agent	7	0.6	1.0	QB	ATL	2012
5	5	Brees, Drew	394.7	26.31	18.2	21.0	23.2	38.4	38.2	B	41.1	14.8	23.4	28.8	30.4	24.4	-3.4	14.4	40.6	41.2	Free Agent	6	0.6	1.0	QB	NOS	2012
6	6	Manning, Peyton	392.5	26.17	29.0	8.6	20.0	38.8	34.8	33.8	B	34.8	30	20.2	25.6	20.5	29.2	20.4	14.2	32.6	Free Agent	7	0.6	1.0	QB	DEN	2012
7	7	Peterson, Adrian	392.1	26.14	26.1	14.2	19.2	22.4	17.2	21.8	30	20.7	39.7	35.5	B	19.4	35.2	39.2	34.5	17.0	Plummer - Trade (P)	11	17.0	2.0	RB	MIN	2012
8	8	Newton, Cam	372.4	24.83	16.6	32.2	6.9	39.6	4.3	B	18.2	9.7	26.5	16.5	22.3	47.9	36.7	46.3	22.4	26.3	Ryan - Trade (P)	6	3.5	3.0	QB	CAR	2012
9	9	Foster, Arian	362.6	24.17	25.6	32.8	24.8	22.2	32.6	20.5	28.6	B	25.4	29	18.1	33.7	17.6	21.5	26.8	3.4	Just Win Baby - Trade	8	16.6	1.0	RB	HOU	2012
10	10	Martin, Doug	349.3	23.29	21.1	17.6	13.7	7.3	B	19.2	24.9	44.2	60.2	18.7	22.9	25.0	16.9	28.8	7.3	21.5	Suburban Thugs	5	4.6	1.0	RB	TBB	2012
11	11	Romo, Tony	345.6	23.04	34.5	12.4	5.7	8.6	B	22.8	20.8	16.6	22.8	23.8	21.8	32.7	38.3	12.8	31.2	40.8	Free Agent (P)	5	0.6	1.0	QB	DAL	2012
12	12	Lynch, Marshawn	334.6	22.31	16.9	24.9	17.4	31.5	16.1	10.2	18.4	20.5	30.2	26.5	B	11.0	19.6	35.0	23.2	33.2	Just Win Baby - Trade (P)	11	11.6	2.0	RB	SEA	2012
13	13	Rice, Ray	334.4	22.29	27.3	24.4	30.5	19.7	18.2	28.8	10.7	B	23.9	18.4	18.8	27.8	18.7	27.1	9.0	31.1	O'Keefe - Trade	8	19.0	1.0	RB	BAL	2012
14	14	Wilson, Russell	327.1	21.81	8.2	19.6	18.0	2.7	15	29.6	-1.4	24	32.4	22.8	B	30.9	35.8	9.8	44.4	35.3	Just Win Baby - Trade	11	2.6	4.0	QB	SEA	2012
15	15	Johnson, Calvin	310.2	20.68	17.1	15.4	30.9	9.4	B	19	6.4	7.6	19.4	33.7	21.3	27.5	32.6	20.3	20.1	29.5	Plummer - Trade	5	13.6	2.0	WR	DET	2012
16	16	Richardson, Trent	303.6	20.24	9.2	32.8	19.0	22.7	26.2	10.2	5	27.2	23.6	B	25.5	26.0	23.0	21.7	19.9	11.6	Don - Trade	10	5.0	1.0	RB	CLE	2012
17	17	Marshall, Brandon	300.1	20.01	24.9	3.4	11.1	26.3	28.9	B	19.6	18.3	35.7	16.2	9.1	18.2	24.5	31.0	16.1	16.8	Just Win Baby - Trade	6	11.6	2.0	WR	CHI	2012
18	18	Dalton, Andy	298.9	19.93	4.8	34.5	32.8	28.2	13.3	25.5	4.6	B	18.1	35.2	30.2	25.7	17.8	11.6	12.2	4.4	Suburban Thugs	8	1.75	3.0	QB	CIN	2012
19	19	Charles, Jamaal	297.5	19.83	13.9	5.4	49.4	23.5	27.8	9.1	B	3.5	12	22.1	21.2	17.8	23.7	28.6	6.6	32.9	Free Agent	7	0.6	1.0	RB	KCC	2012
20	20	Morris, Alfred	295.8	19.72	28.7	13.1	19.7	24.5	21.1	16.3	17.9	11	12.2	B	14.3	23.6	17.8	22.7	28.7	24.2	davyhouse - Trade	10	14.8	2.0	RB	WAS	2012
21	21	Bears, Chicago	294.0	19.6	24.0	13.0	26.0	32	33	B	23	17	29	13	2	20.0	7.0	10.0	12.0	33.0	Jim's Team - Trade	6	2.0	1.0	Def	CHI	2012
22	22	Stafford, Matthew	283.2	18.88	15.2	13.9	28.9	20.2	B	17.7	17	42.1	14	32.7	3.8	25.6	21.0	17.9	-5.2	18.4	Free Agent	5	0.6	1.0	QB	DET	2012
23	23	Spiller, C.J.	280.9	18.73	28.2	36.0	14.1	4.4	4.3	22.9	18.6	B	16.4	20.4	21.4	16.0	19.2	8.6	23.7	26.7	Ryan - Trade	8	3.2	1.0	RB	BUF	2012
24	24	Gore, Frank	279.0	18.6	22.5	23.4	9.6	20.7	22.4	10.2	28.4	12.3	B	26.7	13.7	22.9	17.4	19.4	24.9	4.5	Jim's Team - Trade	9	6.0	2.0	RB	SFO	2012
25	25	Schaub, Matt	276.4	18.43	18.8	13.2	31.6	23.6	8.4	3.6	23.2	B	25.6	2.6	55	16.2	22.0	6.0	20.8	5.8	Free Agent	8	0.6	1.0	QB	HOU	2012
26	26	Flacco, Joe	273.5	18.23	27.8	6.0	36.0	24.4	3.7	17.7	3.1	B	15.6	36.1	7.4	20.4	3.2	25.5	12.4	34.2	Free Agent	8	0.6	1.0	QB	BAL	2012
27	27	Green, A.J.	273.0	18.2	11.5	16.8	33.1	22.7	19	31	7.3	B	22.7	18.5	20.1	17.1	14.5	7.4	15.7	15.6	Holmes Family Jules - Trade	8	5.0	1.0	WR	CIN	2012
28	28	Ridley, Stevan	268.5	17.9	31.4	18.1	7.3	31	27.7	7.6	11.4	24.2	B	23.2	11.9	21.9	18.9	18.3	1.1	14.5	O'Keefe - Trade	9	1.25	1.0	RB	NEP	2012
29	29	Luck, Andrew	263.7	17.58	4.0	26.1	23.6	B	32	-2	16.8	23	31.1	20.4	10.8	14.6	27.1	5.1	17.6	13.5	O'Keefe - Trade	4	4.8	3.0	QB	IND	2012
30	30	Bryant, Dez	263.1	17.54	12.0	3.7	10.7	19	B	30	3.4	12.5	2.5	16.7	28.5	28.8	26.3	13.2	14.9	40.9	Free Agent	5	0.6	1.0	WR	DAL	2012
31	31	Roethlisberger, Ben	261.7	21.81	18.1	28.4	46.8	B	16	19.5	18	32	18.4	9.5				25.3	23.0	6.7	Free Agent	4	0.6	1.0	QB	PIT	2012
32	32	Palmer, Carson	260.6	17.37	24.2	14.1	27.7	6.6	B	17.2	19.3	14.6	36.8	22.8	17.3	4.4	25.6	18.0	9.6	2.4	Free Agent	5	0.6	1.0	QB	OAK	2012
33	33	Freeman, Josh	258.6	17.24	17.2	13.8	1.4	16.6	B	28.5	35.6	26.4	23	23.5	26.4	11.2	14.8	15.2	-5.0	10.0	Free Agent	5	0.6	1.0	QB	TBB	2012
34	34	Johnson, Andre	254.2	16.95	25.4	4.1	14.7	8.1	2.5	14	16.1	B	19.3	7	44.8	27.8	9.6	15.0	30.1	15.7	Free Agent	8	0.6	1.0	WR	HOU	2012
35	35	Bradford, Sam	253.1	16.87	16.4	34.5	-0.2	4.2	10	27.9	13.8	16.1	B	25.8	10.3	15.5	18.1	11.4	35.3	14.0	Free Agent (P)	9	0.6	1.0	QB	STL	2012
36	36	Johnson, Chris	249.5	16.63	11.3	5.9	7.7	25.7	4.4	18.7	37.4	20.4	21.3	26.5	B	18.6	9.2	12.2	22.4	7.8	Free Agent (P)	11	0.6	1.0	RB	TEN	2012
37	37	White, Roddy	248.4	16.56	14.2	23.2	10.0	35.4	10.8	17.7	B	6.8	18.8	16.9	18.8	9.2	3.0	26.2	3.6	33.8	Free Agent	7	0.6	1.0	WR	ATL	2012
38	38	Bush, Reggie	248.2	16.55	20.3	40.4	9.7	11.6	19	12	B	7.8	16.6	1.2	8	19.0	10.9	18.6	16.6	36.5	Free Agent	7	0.6	1.0	RB	MIA	2012
39	39	Forte, Matt	247.9	17.71	24.7	12.9		8.8	21.1	B	17.4	22.4	26.2	8.6	14.9	5.9	22.8	20.0	22.3	19.9	Holmes Family Jules - Trade	6	10.2	2.0	RB	CHI	2012
40	40	Rivers, Philip	244.5	16.3	19.6	32.1	-0.4	22	21.8	4	B	3.6	24.2	33.1	13.2	16.4	5.8	23.3	8.0	17.8	Free Agent	7	0.6	1.0	QB	SDC	2012
41	41	Jackson, Steven	244.2	16.28	16.6	9.1	7.6	11.8	13.7	15.4	15.6	8.4	B	27.5	13.7	21.2	20.9	19.1	24.2	19.4	Free Agent	9	0.6	1.0	RB	STL	2012
42	42	Fitzpatrick, Ryan	243.9	16.26	16.8	22.8	26.4	26.6	2.9	5.9	29.7	B	10.9	24.7	10	9.2	21.5	19.1	5.2	12.2	Free Agent	8	0.6	1.0	QB	BUF	2012
43	43	Jackson, Vincent	242.9	16.19	8.7	23.3	3.9	20.5	B	21.6	34.1	6	15.9	9.9	22.4	14.1	8.5	24.6	13.1	16.3	Free Agent	5	0.6	1.0	WR	TBB	2012
44	44	Green-Ellis, BenJarvus	242.7	16.18	22.6	18.2	11.2	14.6	3.9	12.2	13	B	16.5	11.3	23.8	26.1	24.2	16.1	24.1	4.9	Free Agent	8	0.6	1.0	RB	CIN	2012
45	45	Thomas, Demaryius	242.7	16.18	20.5	19.3	2.4	11.8	22	10.7	B	25.7	12.7	20.5	12.7	17.7	27.4	13.3	3.3	22.7	Free Agent	7	0.6	1.0	WR	DEN	2012
46	46	Wayne, Reggie	242.2	16.15	21.5	16.6	15.8	B	38.7	10.2	11.3	15.6	19.8	16.6	12.7	16.7	8.1	17.1	2.9	18.6	Just Win Baby - Trade (P)	4	2.4	1.0	WR	IND	2012
47	47	Jones, Julio	240.1	16.01	27.8	4.2	16.7	4	22.7	9.8	B	23.9	18.9	11	5.3	25.7	8.8	17.1	25.9	18.3	Canavan - Trade (P)	7	5.25	1.0	WR	ATL	2012
48	48	Greene, Shonn	239.6	15.97	22.3	5.0	9.7	6.1	8.1	43.5	22.5	15.6	B	10.8	12	9.8	17.2	19.7	12.0	25.3	Free Agent (P)	9	0.6	1.0	RB	NYJ	2012
49	49	Welker, Wes	239.6	15.97	3.4	14.5	20.7	16.9	26.9	26.8	11.6	8.3	B	12.4	14	18.1	24.3	8.2	10.1	23.4	Jim's Team - Trade	9	7.6	1.0	WR	NEP	2012
50	50	Manning, Eli	234.2	15.61	16.2	30.4	24.3	20	28.4	12.4	16.7	2.7	-2.4	1.3	B	27.9	18.1	29.6	-1.6	10.2	Free Agent (P)	11	0.6	1.0	QB	NYG	2012
51	51	Cardinals, Arizona	229.0	15.27	16.0	13.0	28.0	19	9	13	15	6	4	B	24	10.0	23.0	4.0	33.0	12.0	Free Agent	10	0.6	1.0	Def	ARI	2012
52	52	Seahawks, Seattle	229.0	15.27	11.0	17.0	14.0	9	19	9	11	5	14	22	B	6.0	5.0	49.0	23.0	15.0	Suburban Thugs	11	3.2	1.0	Def	SEA	2012
53	53	Broncos, Denver	228.0	15.2	18.0	2.0	10.0	11	7	39	B	10	10	28	21	12.0	12.0	13.0	20.0	15.0	davyhouse - Trade	7	1.4	1.0	Def	DEN	2012
54	54	Patriots, New England	226.0	15.07	20.0	11.0	3.0	21	14	10	14	16	B	12	27	34.0	11.0	11.0	7.0	15.0	Canavan - Trade	9	2.0	1.0	Def	NEP	2012
55	55	Cobb, Randall	223.7	14.91	20.7	6.5	3.2	12.1	17.2	15.7	28.5	11.8	22.2	B	21.7	8.8	11.4	15.2	14.0	14.7	Canavan - Trade	10	10.6	2.0	WR	GBP	2012
56	56	Texans, Houston	223.0	14.87	24.0	14.0	8.0	31	16	4	25	B	14	20	5	6.0	31.0	4.0	15.0	6.0	Free Agent	8	0.6	1.0	Def	HOU	2012
57	57	Decker, Eric	221.8	14.79	8.9	8.3	20.1	18.4	10.6	20.3	B	18.8	27.4	3	9.3	9.9	3.7	14.3	25.8	23.0	Suburban Thugs	7	5.2	1.0	WR	DEN	2012
58	58	Chargers, San Diego	221.0	14.73	14.0	10.0	6.0	30	6	18	B	10	31	5	18	10.0	20.0	16.0	5.0	22.0	Free Agent	7	0.6	1.0	Def	SDC	2012
59	59	McCoy, LeSean	220.7	20.06	22.6	19.4	12.9	23.6	22.2	18.1	B	25.4	20.6	16.9	15.2					23.8	Jim's Team - Trade	7	16.8	1.0	RB	PHI	2012
60	60	Cruz, Victor	219.5	14.63	10.3	32.4	8.7	23.9	26	16.3	24.6	3.8	10.2	5.1	B	12.1	14.4	24.6	3.0	4.1	Jim's Team - Trade	11	8.6	1.0	WR	NYG	2012
61	61	Colston, Marques	217.7	14.51	7.6	7.9	6.5	28.8	38.1	B	18.3	10.8	14.1	11.1	10.9	12.1	12.6	6.6	8.5	23.8	O'Keefe - Trade	6	4.4	1.0	WR	NOS	2012
62	62	Turner, Michael	216.7	14.45	5.9	14.6	19.4	30.2	18	7.6	B	12.7	20.7	4.6	14.6	13.6	16.9	8.8	16.8	12.3	Free Agent	7	0.6	1.0	RB	ATL	2012
63	63	Leshoure, Mikel	215.7	16.59			31.1	8.9	B	15.9	12.7	10	29.2	8.9	20.2	17.3	20.5	8.7	16.7	15.6	Free Agent	5	0.6	1.0	RB	DET	2012
64	64	Bengals, Cincinnati	215.0	14.33	3.0	6.0	11.0	19	13	6	11	B	8	22	15	17.0	18.0	10.0	30.0	26.0	Don - Trade	8	1.6	1.0	Def	CIN	2012
65	65	Ponder, Christian	211.1	14.07	11.9	26.1	31.0	5.5	24.9	25.4	0.4	13	0.5	30	B	3.4	6.1	2.2	15.7	15.0	Free Agent	11	0.6	1.0	QB	MIN	2012
66	66	Gonzalez, Tony	208.4	13.89	15.3	19.0	22.6	9.1	28.8	7.2	B	5.9	6.6	32.7	6.3	10.2	14.8	12.1	15.9	1.9	Free Agent	7	0.6	1.0	TE	ATL	2012
67	67	Bradshaw, Ahmad	208.2	16.02	21.2	3.1		13.3	40.4	26.4	18.4	10.2	8.8	8.6	B	22.4	20.9	6.5		8.0	Free Agent (P)	11	0.6	1.0	RB	NYG	2012
68	68	49ers, San Francisco	206.0	13.73	12.0	9.0	8.0	33	16	3	13	16	B	7	23	26.0	10.0	11.0	15.0	4.0	Free Agent	9	0.6	1.0	Def	SFO	2012
69	69	Rams, St. Louis	201.0	13.4	17.0	9.0	10.0	17	21	8	3	0	B	7	6	31.0	21.0	17.0	2.0	32.0	Free Agent	9	0.6	1.0	Def	STL	2012
70	70	Crabtree, Michael	195.8	13.05	13.1	12.2	8.5	3	21.3	5.1	6.1	23.2	B	17	11.1	5.1	16.1	15.8	28.2	10.0	Don - Trade	9	2.4	2.0	WR	SFO	2012
71	71	Graham, Jimmy	195.7	13.98	19.0	19.1	9.6	14.1	0.9	B		16.3	19.2	32.6	12.9	6.3	9.4	9.6	11.4	15.3	Canavan - Trade	6	11.0	2.0	TE	NOS	2012
72	72	Tannehill, Ryan	194.2	12.95	-1.6	22.5	0.6	17.8	11	25.9	B	-0.4	17	-0.6	3.7	20.5	9.4	13.3	33.3	21.8	Don - Trade	7	3.4	4.0	QB	MIA	2012
73	73	Falcons, Atlanta	194.0	12.93	14.0	18.0	22.0	6	16	22	B	8	7	4	16	4.0	22.0	1.0	20.0	14.0	Free Agent	7	0.6	1.0	Def	ATL	2012
74	74	Cutler, Jay	193.9	13.85	23.0	-4.3	5.7	24.2	23.3	B	14.4	7.2	29.3	-0.5		16.3	27.8	8.5	8.9	10.1	Free Agent	6	0.6	1.0	QB	CHI	2012
75	75	Giants, New York	193.0	12.87	7.0	9.0	25.0	6	10	24	17	30	18	3	B	18.0	8.0	17.0	1.0	0.0	Free Agent	11	0.6	1.0	Def	NYG	2012
76	76	Jones, James	192.8	12.85	17.1	1.0	10.0	21.1	19.1	16.8	10.3	12.8	15.6	B	4.8	0.0	11.0	4.7	27.0	21.5	Free Agent (P)	10	0.6	1.0	WR	GBP	2012
77	77	Smith, Steve	191.9	12.79	16.6	12.9	12.6	5.9	7	B	12.8	17.8	11.6	3.3	10.6	9.0	22.5	17.9	18.9	12.5	Free Agent	6	0.6	1.0	WR	CAR	2012
78	78	Kaepernick, Colin	190.2	15.85	2.4			12.4	8.8	4	0.2		B	22.1	25.6	23.6	18.2	24.1	33.8	15.0	Jim's Team - Trade	9	5.6	2.0	QB	SFO	2012
79	79	Packers, Green Bay	190.0	12.67	4.0	26.0	7.0	3	7	17	10	12	13	B	27	1.0	12.0	17.0	13.0	21.0	Free Agent	10	0.6	1.0	Def	GBP	2012
80	80	Williams, Mike	187.5	12.5	8.2	13.9	4.8	15.5	B	19.8	6.6	17.3	16.3	8.4	5.4	6.2	19.8	9.8	9.8	25.7	Free Agent (P)	5	0.6	1.0	WR	TBB	2012
81	81	Browns, Cleveland	187.0	12.47	28.0	10.0	6.0	12	6	22	11	12	2	B	12	33.0	9.0	16.0	5.0	3.0	Free Agent	10	0.6	1.0	Def	CLE	2012
82	82	Witten, Jason	186.8	12.45	2.5	9.3	2.3	27.2	B	13.8	8.9	29.7	10.1	9.2	10.1	14.4	15.8	9.7	13.3	10.5	Free Agent	5	0.6	1.0	TE	DAL	2012
83	83	Miller, Heath	185.1	12.34	14.5	9.9	23.0	B	7.1	11.7	16.8	13.6	7.8	8.2	4.2	11.3	19.7	10.6	20.2	6.5	Free Agent	4	0.6	1.0	TE	PIT	2012
84	84	Sproles, Darren	183.7	15.31	14.5	21.8	8.1	16.4	8.2	B	15.4	17.4				11.0	8.2	24.4	14.8	23.5	Free Agent	6	0.6	1.0	RB	NOS	2012
85	85	Johnson, Stevie	183.5	12.23	14.5	13.1	17.1	4.3	7.9	13.7	17.6	B	4.9	14.1	13.4	15.1	8.8	11.1	23.5	4.4	Free Agent	8	0.6	1.0	WR	BUF	2012
86	86	McFadden, Darren	182.0	16.55	24.3	7.8	23.6	7.9	B	21.7	16.9	24.5	4.6					17.1	22.9	10.7	Holmes Family Jules - Trade	5	8.8	1.0	RB	OAK	2012
87	87	Austin, Miles	181.3	12.09	15.8	15.8	15.7	15.2	B	5.1	16.2	21.8	12.6	5.2	10.3	0.0	12.1	8.1	13.9	13.5	Plummer - Trade	5	2.4	1.0	WR	DAL	2012
88	88	Moore, Lance	181.0	12.93	23.5	5.0	16.5	13.2		B	20.6	4	8.1	15.1	18.3	8.6	19.3	3.6	13.2	12.0	Don - Trade	6	1.4	2.0	WR	NOS	2012
89	89	McGahee, Willis	180.1	18.01	10.1	32.8	8.1	30.3	16	17.7	B	28.6	13.1	12.2	11.2						Free Agent	7	0.6	1.0	RB	DEN	2012
90	90	Lloyd, Brandon	179.7	11.98	10.9	11.0	19.3	13	6.4	14	1.1	15.8	B	8.5	8	4.6	2.0	25.9	28.0	11.2	Free Agent	9	0.6	1.0	WR	NEP	2012
91	91	Shorts, Cecil	179.1	12.79	16.9	0.0	14.7	1.3	6.3	B	13.4	17.6	8.6	21.5	15.6	19.5	18.7		15.6	9.4	Don - Trade (P)	6	2.2	2.0	WR	JAC	2012
92	92	Panthers, Carolina	179.0	11.93	7.0	14.0	2.0	10	25	B	7	20	10	11	17	13.0	2.0	9.0	20.0	12.0	O'Keefe - Trade	6	0.6	1.0	Def	CAR	2012
93	93	Vikings, Minnesota	179.0	11.93	9.0	4.0	20.0	14	16	4	25	1	3	10	B	9.0	7.0	20.0	19.0	18.0	Free Agent	11	0.6	1.0	Def	MIN	2012
94	94	Wallace, Mike	175.4	11.69	12.2	16.4	24.6	B	3.2	16.9	11.8	11.7	14.6	8.9	1.4	1.4	7.9	28.9	13.0	2.5	Free Agent	4	0.6	1.0	WR	PIT	2012
95	95	Smith, Torrey	175.2	11.68	9.2	7.1	29.7	20.9	6.3	9.4	7.1	B	13.1	19.7	1.2	21.4	5.8	3.1	2.4	18.8	Free Agent	8	0.6	1.0	WR	BAL	2012
96	96	Gronkowski, Rob	174.8	17.48	16.5	19.0	3.6	16.9	6.5	11.1	24.8	33.6	B	11.1	31.7						Plummer - Trade (Q)	9	10.6	1.0	TE	NEP	2012
97	97	Ravens, Baltimore	174.0	11.6	22.0	16.0	2.0	18	20	4	2	B	12	16	19	12.0	13.0	6.0	3.0	9.0	Free Agent	8	0.6	1.0	Def	BAL	2012
98	98	Mathews, Ryan	173.2	14.43			11.6	15	29.3	17.2	B	15.2	11.8	15.5	14.3	15.1	9.9	12.5	5.8		Canavan - Trade	7	2.6	1.0	RB	SDC	2012
99	99	Weeden, Brandon	172.8	11.52	-13.0	30.1	10.6	3.6	19.5	19.2	24.8	1.5	0.8	B	16.4	11.8	20.9	9.8	10.7	6.1	Free Agent	10	0.6	1.0	QB	CLE	2012
100	100	Smith, Alex	172.4	19.16	27.1	23.9	14.9	7.1	40.1	0.9	11.4	34.6	B	12.4							Free Agent	9	0.6	1.0	QB	SFO	2012
101	101	Redskins, Washington	172.0	11.47	12.0	17.0	14.0	7	15	20	8	2	5	B	21	11.0	6.0	8.0	11.0	15.0	Free Agent	10	0.6	1.0	Def	WAS	2012
102	102	Boldin, Anquan	171.6	11.44	15.8	1.7	7.8	20.1	11.2	14.8	4.9	B	12.7	7.3	13.4	6.2	18.1	21.8	0.0	15.8	Just Win Baby - Trade	8	1.6	2.0	WR	BAL	2012
103	103	Jets, New York	171.0	11.4	18.0	4.0	16.0	3	5	23	8	7	B	16	16	6.0	13.0	16.0	12.0	8.0	Free Agent	9	0.6	1.0	Def	NYJ	2012
104	104	Buccaneers, Tampa Bay	170.0	11.33	18.0	15.0	18.0	3	B	21	3	17	11	18	11	9.0	5.0	11.0	1.0	9.0	Free Agent	5	0.6	1.0	Def	TBB	2012
105	105	Ballard, Vick	169.2	11.28	1.4	3.0	2.2	B	3.2	7.3	17.8	18	17	10.8	14.1	9.2	17.0	18.2	17.6	12.4	Free Agent (P)	4	0.6	1.0	RB	IND	2012
106	106	Murray, DeMarco	166.6	18.51	21.0	14.4	17.1	15.8	B	15							26.3	22.7	22.0	12.3	Don - Trade	5	10.2	1.0	RB	DAL	2012
107	107	Maclin, Jeremy	164.0	11.71	20.1	8.8		1.7	7.4	24	B	7.8	4.3	21.3	0	9.5	6.3	22.4	7.3	23.1	davyhouse - Trade	7	7.0	1.0	WR	PHI	2012
108	108	Bell, Joique	162.9	10.86	6.3	11.0	12.2	12.6	B	7.5	2.5	10.7	23.5	9.5	1.6	12.2	14.1	17.5	6.6	15.1	Free Agent (P)	5	0.6	1.0	RB	DET	2012
109	109	Vick, Michael	162.7	18.08	13.6	27.5	0.2	24.2	17.6	28	B	20.7	20.2	10.7							Free Agent	7	0.6	1.0	QB	PHI	2012
110	110	Hartline, Brian	160.9	10.73	7.0	19.1	5.1	39.8	9.4	0	B	7.6	17.7	14.4	4.9	3.2	12.9	5.4	11.7	2.7	Holmes Family Jules - Trade	7	1.0	2.0	WR	MIA	2012
111	111	Floyd, Malcom	160.4	11.46	16.1	16.9	8.2	3.8	15.3	10.5	B	8.3	13.8	17.3	10.2	16.0	9.6	8.5	5.9		Free Agent (Q)	7	0.6	1.0	WR	SDC	2012
112	112	Dolphins, Miami	160.0	10.67	2.0	9.0	13.0	16	18	12	B	21	5	1	9	8.0	9.0	5.0	11.0	21.0	Free Agent	7	0.6	1.0	Def	MIA	2012
113	113	Olsen, Greg	159.5	10.63	10.1	2.3	15.8	19.9	5.7	B	5.6	4.3	8.8	28.7	5.7	8.0	11.2	14.0	9.6	9.8	O'Keefe - Trade	6	2.0	2.0	TE	CAR	2012
114	114	Harvin, Percy	158.8	17.64	17.4	21.1	17.0	12.5	30.5	23.3	14.1	20.2	2.7		B						Holmes Family Jules - Trade	11	3.4	2.0	WR	MIN	2012
115	115	Rice, Sidney	158.6	10.57	13.1	5.3	3.2	7.1	11.2	16.1	4.7	16.5	16.3	18.4	B	7.9	20.9	5.0	11.1	1.8	Free Agent (P)	11	0.6	1.0	WR	SEA	2012
116	116	Saints, New Orleans	158.0	10.53	4.0	4.0	13.0	6	13	B	2	3	25	5	20	13.0	6.0	12.0	27.0	5.0	Free Agent	6	0.6	1.0	Def	NOS	2012
117	117	Fitzgerald, Larry	157.0	10.47	9.8	0.9	23.4	18.9	15.2	20.8	6.4	9.2	17.4	B	2.1	5.6	3.3	0.7	4.7	18.6	Don - Trade (P)	10	9.0	1.0	WR	ARI	2012
118	118	Roberts, Andre	156.3	11.16	17.6	6.7	8.5	28.3	7.4	3.8	22.8	11.5	12.1	B	1.2	18.2		5.6	4.7	7.9	Free Agent	10	0.6	1.0	WR	ARI	2012
119	119	Hilton, T.Y.	154.5	11.04		2.5	20.3	B	5.9	5.1	3.7	6.5	20.5	4.4	26.5	17.3	14.0	7.2	15.8	4.8	davyhouse - Trade	4	4.0	2.0	WR	IND	2012
120	120	Myers, Brandon	154.3	10.29	10.5	14.1	9.0	3.2	B	10.7	8.4	7.4	21.9	9.7	15.5	7.7	29.5	1.2	3.0	2.5	Free Agent	5	0.6	1.0	TE	OAK	2012
121	121	Titans, Tennessee	154.0	10.27	2.0	7.0	10.0	2	7	8	8	11	9	29	B	12.0	2.0	20.0	26.0	1.0	Free Agent	11	0.6	1.0	Def	TEN	2012
122	122	Woodhead, Danny	153.6	10.24	3.2	6.1	14.8	9.3	11.1	12.4	8.3	10.3	B	20.8	0	3.8	7.1	6.0	27.8	12.6	Free Agent	9	0.6	1.0	RB	NEP	2012
123	123	Steelers, Pittsburgh	153.0	10.2	6.0	12.0	4.0	B	15	7	8	9	11	11	10	17.0	13.0	2.0	5.0	23.0	Free Agent	4	0.6	1.0	Def	PIT	2012
124	124	Blackmon, Justin	152.5	10.17	6.9	0.0	1.2	10.3	6.5	B	1.2	10.2	12.7	5	36.1	17.6	1.4	10.2	14.3	18.9	O'Keefe - Trade (S)	6	4.4	2.0	WR	JAC	2012
125	125	Thomas, Pierre	152.3	10.15	4.7	21.6	11.3	4.2	10.8	B	12.3	8.5	10.2	3.6	9.3	0.2	13.7	14.6	6.7	20.6	Free Agent	6	0.6	1.0	RB	NOS	2012
126	126	Pitta, Dennis	150.4	10.03	17.3	12.0	14.0	0	4.2	5.8	6.3	B	4.8	16.7	1	14.7	2.9	13.1	28.5	9.1	Free Agent	8	0.6	1.0	TE	BAL	2012
127	127	Daniels, Owen	148.9	10.64	12.7	9.2	10.6	17.2	17.4	7.1	16.9	B	14.2		9.7	10.0	7.3	4.4	7.5	4.7	Canavan - Trade	8	1.0	1.0	TE	HOU	2012
128	128	Moore, Denarius	147.8	10.56		9.7	14.0	10.1	B	20.4	11.6	19.1	10.1	18	2.1	8.5	5.1	7.8	8.6	2.7	Free Agent	5	0.6	1.0	WR	OAK	2012
129	129	Cowboys, Dallas	147.0	9.8	11.0	6.0	15.0	9	B	3	14	10	7	22	9	6.0	11.0	12.0	12.0	0.0	Free Agent	5	0.6	1.0	Def	DAL	2012
130	130	Gresham, Jermaine	146.7	9.78	5.5	6.2	15.9	8.2	10	14.3	3.9	B	16.3	9	11.9	12.6	9.0	6.8	10.8	6.3	Free Agent (Q)	8	0.6	1.0	TE	CIN	2012
131	131	Gordon, Josh	145.6	9.71	5.2	1.0	6.5	2.6	21.2	18.4	13.4	7.1	5.8	B	9.3	10.0	22.6	15.1	5.7	1.7	Suburban Thugs (P)	10	2.0	2.0	WR	CLE	2012
132	132	Brown, Antonio	145.3	12.11	12.0	14.5	16.7	B	15.1	4.5	17.7	6.8	3.4				6.3	12.5	16.6	19.2	Jim's Team - Trade	4	10.0	1.0	WR	PIT	2012
133	133	Bills, Buffalo	145.0	9.67	3.0	19.0	16.0	7	3	19	2	B	7	1	20	16.0	13.0	9.0	4.0	6.0	Free Agent	8	0.6	1.0	Def	BUF	2012
134	134	Avery, Donnie	144.9	9.66	12.2	19.2	4.8	B	3.7	9.7	7.6	7.7	15.8	9.5	5.4	5.6	24.6	6.1	5.7	7.3	Free Agent	4	0.6	1.0	WR	IND	2012
135	135	Bowe, Dwayne	144.6	11.12	8.3	28.7	14.9	22.8	10.5	5	B	9	10.9	8.5	0	6.6	10.4	9.0			Free Agent	7	0.6	1.0	WR	KCC	2012
136	136	Williams, DeAngelo	144.6	9.64	2.2	17.7	11.5	14.8	-1.2	B	0.8	6	10.9	5	3.2	4.3	11.7	23.6	25.8	8.3	Free Agent	6	0.6	1.0	RB	CAR	2012
137	137	Colts, Indianapolis	142.0	9.47	11.0	11.0	4.0	B	9	1	6	8	6	26	0	11.0	3.0	18.0	6.0	22.0	Free Agent	4	0.6	1.0	Def	IND	2012
138	138	Nelson, Jordy	140.3	12.75	11.9	12.9	2.9	21.8	4.9	36.6	25.2		0	B	7.5	14.6	2.0				Ryan - Trade	10	5.4	2.0	WR	GBP	2012
139	139	Rudolph, Kyle	140.3	9.35	10.7	12.0	19.1	1.8	10.3	18.1	0	3.2	0	17.4	B	16.0	15.6	0.0	4.2	11.9	Free Agent	11	0.6	1.0	TE	MIN	2012
140	140	Reece, Marcel	138.5	9.23	3.7	3.2	5.7	8.9	B	0.6	8.8	0	21	19.5	28.6	19.3	11.0	2.8	1.1	4.3	Free Agent	5	0.6	1.0	RB	OAK	2012
141	141	Tate, Golden	138.2	9.87		6.8	20.3	1.7	11.8	6.7	0	7.9	20.3	19.8	B	8.6	19.6	1.6	8.4	4.7	Free Agent	11	0.6	1.0	WR	SEA	2012
142	142	Gibson, Brandon	136.1	9.07	14.1	12.8	2.9	4.8	6.3	15.6	10	7.6	B	7.7	14.4	0.0	0.0	21.5	13.1	5.3	Free Agent (P)	9	0.6	1.0	WR	STL	2012
143	143	Rodgers, Jacquizz	135.5	9.03	6.9	0.9	17.7	9.5	3.3	4.5	B	13.1	8.9	10.3	10.1	18.9	8.4	11.2	6.6	5.2	Suburban Thugs	7	1.4	1.0	RB	ATL	2012
144	144	Jones, Felix	134.8	8.99	0.0	4.8	4.0	2	B	23.6	13.4	8.5	17.7	21.5	16.8	15.8	4.0	1.1	1.6	0.0	Free Agent	5	0.6	1.0	RB	DAL	2012
145	145	Ingram, Mark	133.1	8.87	3.7	15.5	2.6	3.1	3.1	B	4.5	1.3	11.1	10.4	16.2	6.2	9.0	10.4	18.8	17.2	Free Agent	6	0.6	1.0	RB	NOS	2012
146	146	Jackson, Fred	132.9	13.29	3.2			10.5	6.7	19	26.3	B	7.7	28.2		4.6	21.4	5.3			Free Agent	8	0.6	1.0	RB	BUF	2012
147	147	Bess, Davone	132.8	10.22	8.0	6.8	13.1	19.3	6.9	8.2	B	5.8	11.2	8.8	15.5	18.9	1.8	8.5			Free Agent	7	0.6	1.0	WR	MIA	2012
148	148	Bennett, Martellus	132.6	8.84	12.5	16.7	18.3	0.7	5	1.9	12.4	5.4	6.5	6.7	B	7.4	18.2	12.7	2.5	5.7	Jim's Team - Trade	11	2.2	1.0	TE	NYG	2012
149	149	Washington, Nate	132.0	8.8	12.8	3.5	19.2	6.3	8.1	8.7	13.8	11.4	10.5	1.5	B	8.4	12.6	2.5	9.7	3.0	Free Agent	11	0.6	1.0	WR	TEN	2012
150	150	Locker, Jake	131.1	13.11	14.8	9.8	32.6	-1.2						19.1	B	12.5	2.3	18.3	17.8	5.1	Canavan - Trade (Q)	11	2.5	3.0	QB	TEN	2012
151	151	Lions, Detroit	131.0	8.73	9.0	7.0	8.0	10	B	14	13	8	13	2	11	5.0	11.0	10.0	6.0	4.0	Free Agent	5	0.6	1.0	Def	DET	2012
152	152	Moreno, Knowshon	130.9	18.7	9.3	0.0					B					20.1	16.8	35.1	26.5	23.1	davyhouse - Trade (Q)	7	1.0	1.0	RB	DEN	2012
153	153	Moss, Santana	130.7	8.71	7.2	3.4	6.8	5.8	15	8.1	17.2	11.1	0.7	B	12.6	13.7	0.2	7.7	9.7	11.5	Free Agent	10	0.6	1.0	WR	WAS	2012
154	154	Nicks, Hakeem	129.7	10.81	7.3	34.4				6.9	9.8	7.6	2	14.5	B	17.7	7.8	15.7	6.0	0.0	Free Agent	11	0.6	1.0	WR	NYG	2012
155	155	Wright, Kendall	127.7	9.12	7.7	9.4	5.6	13.6	13.6	12.1	4.4	13.7	5	7.4	B	9.4	12.8	7.4	5.6		Just Win Baby - Trade	11	3.2	2.0	WR	TEN	2012
156	156	Brown, Andre	127.2	12.72	0.0	23.1	33.0	3.3	0		11.4	9.2	9.9	21.3	B	16.0					Canavan - Trade	11	1.6	1.0	RB	NYG	2012
157	157	Alexander, Danario	126.8	14.09							B	0	8.6	23.9	26.6	11.4	16.2	24.7	0.0	15.4	Free Agent (Q)	7	0.6	1.0	WR	SDC	2012
158	158	Chandler, Scott	126.6	8.44	13.3	12.8	4.2	21.2	3.5	1.4	3	B	8.1	17	4.5	4.6	7.6	11.6	10.3	3.5	Free Agent	8	0.6	1.0	TE	BUF	2012
159	159	Kerley, Jeremy	126.6	8.44	19.0	5.7	14.8	2.2	13.4	4.4	18.9	7.8	B	6.9	7	13.6	6.2	2.2	2.1	2.4	Free Agent	9	0.6	1.0	WR	NYJ	2012
160	160	Amendola, Danny	125.6	12.56	11.4	30.0	10.6	16.8	5.4				B	19.7	9.1	4.8			18.8	-1.0	Free Agent	9	0.6	1.0	WR	STL	2012
161	161	Dwyer, Jonathan	124.9	10.41	8.7	7.9	-1.8	B			19.1	18.4		11.3	14	3.1	17.9	8.6	10.0	7.7	Free Agent	4	0.6	1.0	RB	PIT	2012
162	162	Walsh, Blair	123.0	8.2	14.0	8.0	6.5	7	10.5	8	1.5	6	9	12	B	2.5	1.0	1.5	22.5	13.0	Jim's Team - Trade	11	1.0	1.0	PK	MIN	2012
163	163	Gates, Antonio	122.8	8.77	7.8		4.2	7.9	3.9	25.1	B	2.4	12.3	14.7	3.2	2.8	8.9	6.1	11.6	11.9	Free Agent	7	0.6	1.0	TE	SDC	2012
164	164	Little, Greg	121.0	8.07	0.0	14.7	3.2	11.4	0	3.8	14.7	4.8	9.7	B	8.3	1.1	8.3	12.8	11.4	16.8	Ryan - Trade	10	3.75	2.0	WR	CLE	2012
165	165	LaFell, Brandon	120.5	9.27	15.0	17.7	3.7	0	7.4	B	14.3	11.3		5.4	18.8	16.7	2.9		0.0	7.3	Free Agent	6	0.6	1.0	WR	CAR	2012
166	166	Garcon, Pierre	120.0	13.33	19.4			9	4.4					B	2	18.5	22.6	18.7	11.5	13.9	Jim's Team - Trade	10	4.6	1.0	WR	WAS	2012
167	167	Gostkowski, Stephen	120.0	8.0	7.0	17.0	9.5	5.5	4	9	9.5	5	B	12	7	3.5	9.0	3.0	9.0	10.0	Don - Trade	9	1.4	1.0	PK	NEP	2012
168	168	Jackson, DeSean	119.8	10.89	11.9	17.9	7.3	20.9	8.8	11.6	B	10.4	18	9.7	1.5	1.8					Free Agent	7	0.6	1.0	WR	PHI	2012
169	169	Jaguars, Jacksonville	119.0	7.93	6.0	1.0	8.0	7	5	B	12	10	1	12	11	11.0	6.0	12.0	6.0	11.0	Free Agent	6	0.6	1.0	Def	JAC	2012
170	170	Raiders, Oakland	119.0	7.93	4.0	1.0	7.0	3	B	15	8	20	6	3	0	2.0	13.0	7.0	17.0	13.0	Free Agent	5	0.6	1.0	Def	OAK	2012
171	171	Bush, Michael	118.6	9.12	19.6	9.2	20.9	7.7	8.5	B	6.3	1.1	6.8	1.5	5.2	24.7	6.3	0.8			Holmes Family Jules - Trade	6	1.2	2.0	RB	CHI	2012
172	172	Bryant, Matt	118.0	7.87	13.0	8.5	1.5	11.5	6.5	11	B	9.5	14.5	5.5	12	2.5	12.0	1.0	6.0	3.0	Suburban Thugs	7	1.2	1.0	PK	ATL	2012
173	173	Brown, Bryce	117.0	7.8	0.7	1.3	5.9	1.8	1.1	1.9	B	1.2	6.2	0.7	5.5	34.7	38.1	5.6	9.2	3.1	Holmes Family Jules - Trade	7	1.4	2.0	RB	PHI	2012
174	174	Givens, Chris	117.0	8.36	0.0	0.0	2.4	6.2	11.6	11	11.9	13.8	B		4.4	22.3	16.7	6.7	3.2	6.8	Suburban Thugs	9	2.4	2.0	WR	STL	2012
175	175	Heyward-Bey, Darrius	115.2	8.23	6.8	6.6	8.9		B	2.7	11.5	9.7	11.4	17.4	10.9	0.0	7.5	16.7	0.0	5.1	Free Agent	5	0.6	1.0	WR	OAK	2012
176	176	Chiefs, Kansas City	115.0	7.67	1.0	0.0	12.0	6	17	15	B	4	12	9	2	10.0	5.0	5.0	8.0	9.0	Free Agent	7	0.6	1.0	Def	KCC	2012
177	177	Davis, Vernon	114.8	7.65	12.8	22.3	15.8	4.8	15.1	5.7	0	4.9	B	5.5	18.8	0.0	2.5	0.9	2.0	3.7	Just Win Baby - Trade	9	1.8	1.0	TE	SFO	2012
178	178	Powell, Bilal	114.8	8.83	4.7	6.1	11.4	1.9	2.6	3.8			B	1.8	21.7	16.2	9.7	19.6	8.0	7.3	Free Agent	9	0.6	1.0	RB	NYJ	2012
179	179	Hawkins, Andrew	114.4	8.8	14.6	12.6	16.6	6.4	8.9	7.9	3.2	B	5.9	9.1			8.2	14.9	1.1	5.0	Free Agent	8	0.6	1.0	WR	CIN	2012
180	180	Tucker, Justin	114.0	7.6	12.5	15.0	4.0	5	7	5	10.5	B	5	10.5	5.5	10.5	7.0	2.0	5.0	9.5	Free Agent	8	0.6	1.0	PK	BAL	2012
181	181	Stokley, Brandon	112.0	8.0	4.6	5.7	17.3	4.7	8.5	13.3	B	3.4	7.3	14.9	13.5	9.2		0.0	2.4	7.2	Free Agent	7	0.6	1.0	WR	DEN	2012
182	182	Pettigrew, Brandon	111.1	8.55	12.2	9.3	9.1	12.2	B	6.8	7.4	13.4	2.1	11.7	4.7	9.4	12.8	0.0			Free Agent	5	0.6	1.0	TE	DET	2012
183	183	Tynes, Lawrence	111.0	7.4	3.0	11.5	16.5	3	7.5	11	6.5	17	7	5.5	B	6.5	9.5	6.5	-1.0	1.0	Free Agent	11	0.6	1.0	PK	NYG	2012
184	184	Britt, Kenny	110.8	8.52		1.0	9.5		3.8	15.7	5.5	5.4	9.2	5.6	B	10.5	11.0	20.3	1.7	11.6	Free Agent	11	0.6	1.0	WR	TEN	2012
185	185	Stephens-Howling, LaRod	110.7	8.52	7.7	4.0	1.6			4.9	29.9	7.4	17.8	B	25.7	0.3	0.8	1.6	4.3	4.7	Free Agent (P)	10	0.6	1.0	RB	ARI	2012
186	186	Redman, Isaac	110.5	8.5	6.4	13.8	10.9	B	7.7	16.4			31.8	4.5	0.7	0.1	7.6	0.4	6.5	3.7	Free Agent	4	0.6	1.0	RB	PIT	2012
187	187	Morgan, Josh	109.5	7.3	3.1	8.5	4.2	9.7	0.9	6.7	3.1	9.1	10.7	B	4.5	8.8	8.7	11.5	9.5	10.5	Free Agent	10	0.6	1.0	WR	WAS	2012
188	188	Finley, Jermichael	109.0	7.27	15.7	2.1	9.0	9.4	2.6	2.7	5.1	3.9	1.1	B	14.6	7.6	11.0	2.6	10.1	11.5	Free Agent (Q)	10	0.6	1.0	TE	GBP	2012
189	189	Celek, Brent	108.6	7.76	9.5	22.7	5.1	8.7	8.4	6.3	B	5.7	5.7	5.6	8.2	3.4	12.3	0.6		6.4	Free Agent	7	0.6	1.0	TE	PHI	2012
190	191	Eagles, Philadelphia	107.0	7.13	21.0	10.0	7.0	8	5	4	B	4	11	8	2	2.0	2.0	5.0	13.0	5.0	Free Agent	7	0.6	1.0	Def	PHI	2012
191	192	Green, Alex	106.2	8.85		0.6		0	9.3	13.7	12.9	16.6	13	B	0	9.5	10.9	11.5	8.2		Free Agent	10	0.6	1.0	RB	GBP	2012
192	193	Graham, Shayne	106.0	7.07	8.5	7.5	6.0	5.5	9	6.5	7.5	B	1.5	5.5	10	9.0	5.5	1.0	15.0	8.0	Free Agent	8	0.6	1.0	PK	HOU	2012
193	194	Cook, Jared	105.3	8.1	9.4	4.3	16.2	5.6	13.2	8.9	5.7	7	-1.4	9.1	B	9.2	8.6	9.5			Free Agent	11	0.6	1.0	TE	TEN	2012
194	195	Dawson, Phil	105.0	7.0	10.5	7.5	1.0	14.5	8.5	9	0.5	0.5	14	B	9	6.0	7.0	8.5	1.5	7.0	Free Agent	10	0.6	1.0	PK	CLE	2012
195	196	Janikowski, Sebastian	105.0	7.0	6.0	4.5	9.0	5	B	8	12	12	3.5	8	4	5.5	6.0	0.5	16.0	5.0	Free Agent	5	0.6	1.0	PK	OAK	2012
196	197	Tamme, Jacob	104.7	6.98	13.8	2.3	5.6	7.8	9.5	4.2	B	5.8	3.8	1.1	8.3	13.8	15.9	3.9	0.0	8.9	Free Agent	7	0.6	1.0	TE	DEN	2012
197	198	Gabbert, Blaine	104.2	10.42	23.1	4.3	11.6	15.5	-5.2	B	11.2	15.8	23	6.3	-1.4						Free Agent	6	0.6	1.0	QB	JAC	2012
198	199	Allen, Dwayne	103.7	6.91	0.0	7.0	7.0	B	12.8	5.3	1.4	9.1	12.5	4.6	11.9	6.1	7.0	2.1	13.1	3.8	Free Agent	4	0.6	1.0	TE	IND	2012
199	200	Kendricks, Lance	103.6	6.91	3.1	4.0	3.3	3.7	7.2	7.5	1.5	5.7	B	7.3	2.9	10.2	7.7	6.1	12.0	21.4	Free Agent	9	0.6	1.0	TE	STL	2012
200	201	Bailey, Dan	103.0	6.87	4.5	0.5	7.5	3.5	B	12	10.5	6.5	5.5	4.5	11	11.0	5.5	7.0	7.5	6.0	Free Agent	5	0.6	1.0	PK	DAL	2012
201	202	Brown, Ronnie	103.0	7.92	7.1	6.7		7.5	12.8	6.2	B	18.5	13.5	5.2	3.3	6.8	5.2	3.8		6.4	Free Agent	7	0.6	1.0	RB	SDC	2012
202	203	Barth, Connor	102.0	7.29	7.5	11.0	2.5	13.5	B	4.5	2	9.5	2	9	8.5	11.0	13.0	1.5		6.5	Free Agent (P)	5	0.6	1.0	PK	TBB	2012
203	204	Richardson, Daryl	101.9	6.79	2.9	14.7	3.8	6.1	5.8	15.1	13	10.2	B	8.2	4.6	5.1	3.4	1.0	6.1	1.9	Free Agent (P)	9	0.6	1.0	RB	STL	2012
204	205	Kolb, Kevin	101.2	16.87	10.0	17.6	25.8	25	7.3	15.5				B							Free Agent	10	0.6	1.0	QB	ARI	2012
205	206	Hankerson, Leonard	101.0	6.73	0.0	13.8	9.6	10.2	1.2	3.8	12	2.6	6.9	B	5	2.2	2.4	10.7	18.6	2.0	Free Agent (Q)	10	0.6	1.0	WR	WAS	2012
206	207	Clark, Dallas	100.5	6.7	4.3	6.3	0.5	3.5	B	0	14.6	7	3.7	6.8	15.8	10.0	9.6	2.9	9.7	5.8	Free Agent	5	0.6	1.0	TE	TBB	2012
207	208	Avant, Jason	100.0	7.69	5.7	5.3	6.3	4.5	6.4	4.1	B	6.5	10.6	0.5			11.4	19.3	6.9	12.5	Free Agent	7	0.6	1.0	WR	PHI	2012
208	209	Thomas, Daniel	99.8	8.32	3.4		16.3	2.3	12.7		B	14	10.4	9.5	5.7	18.1	5.9	0.7	0.8		Free Agent	7	0.6	1.0	RB	MIA	2012
209	210	Tolbert, Mike	99.7	6.65	3.2	10.5	9.7	4	0.5	B	8	4.3	2.7	6.9	2.4	5.4	7.3	7.3	23.2	4.3	Free Agent	6	0.6	1.0	RB	CAR	2012
210	211	Sanchez, Mark	98.9	7.06	28.4	5.2	6.8	-6.4	5.6	15.6	16.6	7.6	B	-5.4	16.8	17.0	-6.9	4.2	-6.2		Free Agent	9	0.6	1.0	QB	NYJ	2012
211	212	Lewis, Marcedes	98.2	6.55	14.7	0.0	1.3	11.2	5.4	B	4	3.6	7.1	6.1	18	8.6	10.3	0.9	2.3	4.7	Free Agent	6	0.6	1.0	TE	JAC	2012
212	213	Suisham, Shaun	97.7	6.51	5.5	9.5	5.0	B	7.5	10	12.5	7.5	3.7	8.5	2.5	1.0	13.0	5.5	4.5	1.5	Free Agent	4	0.6	1.0	PK	PIT	2012
213	214	Prater, Matt	97.4	6.49	3.0	1.5	11.0	12.4	1.5	2.5	B	8	6	9	7.5	3.0	5.0	12.0	7.0	8.0	Free Agent	7	0.6	1.0	PK	DEN	2012
214	215	Jones-Drew, Maurice	97.2	16.2	16.8	18.1	35.4	16.1	9.8	B	1										Holmes Family Jules - Trade	6	8.0	1.0	RB	JAC	2012
215	216	Stewart, Jonathan	96.9	10.77		16.0		8.3	5.4	B	8.6	14.4	9.2	9	18.8	7.2					Free Agent	6	0.6	1.0	RB	CAR	2012
216	217	Akers, David	96.5	6.43	14.5	8.5	4.5	8	4	4	5.5	5.5	B	4.5	10.5	3.0	5.5	6.5	5.5	6.5	Free Agent	9	0.6	1.0	PK	SFO	2012
217	218	Succop, Ryan	96.5	6.43	4.5	4.0	19.5	1	5	3.5	B	11.5	8.5	5.5	6	9.0	10.5	-0.5	0.0	8.5	Free Agent	7	0.6	1.0	PK	KCC	2012
218	219	Vinatieri, Adam	96.5	6.43	1.5	12.0	4.0	B	8.5	9	4	5.5	11	8.5	5.5	4.0	2.5	9.5	3.0	8.0	Free Agent	4	0.6	1.0	PK	IND	2012
219	220	Foles, Nick	95.8	13.69							B			11.4	-4.4	8.2	17.6	38.9	4.3	19.8	Free Agent	7	0.6	1.0	QB	PHI	2012
220	221	Brown, Donald	95.6	9.56	13.6	8.7	15.2	B	18.1			12.8	1.2	7.5	4.6	8.4	5.5				Free Agent	4	0.6	1.0	RB	IND	2012
221	222	Streater, Rod	95.2	6.35	10.2	3.4	3.7	0	B	4.4	6.1	1.9	14.4	2.1	4.1	0.0	18.1	13.5	10.2	3.1	Free Agent	5	0.6	1.0	WR	OAK	2012
222	223	Sanders, Emmanuel	94.9	6.33	9.0	5.3	5.8	B	4.7	7.3	5.5	8.6	9.5	5.1	11.2	9.0	6.5	5.1	0.0	2.3	Holmes Family Jules - Trade	4	2.4	1.0	WR	PIT	2012
223	224	Hasselbeck, Matt	93.7	11.71	1.0			13.3	12.6	13.6	16.6	21.9	14.7	0	B						Free Agent	11	0.6	1.0	QB	TEN	2012
224	225	Watson, Ben	93.2	6.21	1.9	3.7	3.5	9.7	0.6	7.6	5.6	2.4	4.2	B	19.7	5.1	12.5	6.8	2.2	7.7	Free Agent	10	0.6	1.0	TE	CLE	2012
225	226	Hixon, Domenik	93.1	7.76	8.0	2.2		16.9	9.5	11.3	5.2	4.6	0	1.3	B			11.0	11.5	11.6	Free Agent	11	0.6	1.0	WR	NYG	2012
226	227	McCluster, Dexter	93.1	6.21	13.2	6.2	3.0	2.1	0	7.9	B	18.3	3.7	3.3	5.7	7.3	3.3	1.5	10.4	7.2	Free Agent	7	0.6	1.0	WR	KCC	2012
227	228	Henne, Chad	92.1	10.23		-1.2				B	0.8			8.2	35.3	21.7	9.0	-3.1	8.6	12.8	Free Agent	6	0.6	1.0	QB	JAC	2012
228	229	Jennings, Rashad	91.8	9.18	7.1			2.6	0.9	B	25.9	16.9	12.1	5.4	1.1	15.2	4.6				Free Agent	6	0.6	1.0	RB	JAC	2012
229	230	Dreessen, Joel	90.1	6.01	1.1	2.6	11.1	8.7	10.1	10.2	B	0	12.3	5.1	5.8	1.8	0.0	12.0	5.1	4.2	Free Agent (P)	7	0.6	1.0	TE	DEN	2012
230	231	Zuerlein, Greg	89.5	5.97	11.0	11.0	9.0	16.5	6	7	9	0.5	B	3.5	0.5	2.0	10.0	0.5	1.0	2.0	O'Keefe - Trade	9	0.8	2.0	PK	STL	2012
231	232	Turbin, Robert	89.2	5.95	1.6	6.9	0.0	9.5	3.2	8.3	3	7.5	5.5	3.1	B	8.5	0.8	16.3	6.6	8.4	Jim's Team - Trade	11	0.6	2.0	RB	SEA	2012
232	233	Walter, Kevin	88.7	5.91	3.1	6.4	15.8	1.8	7.6	4.8	15.9	B	4.8	4.5	9.9	3.5	6.3	0.0	2.1	2.2	Free Agent	8	0.6	1.0	WR	HOU	2012
233	234	Battle, Jackie	88.6	5.91	0.0	23.7	6.6	26.6	3.5	1.2	B	1.2	3.8	2.8	1.4	3.1	0.0	0.5	3.5	10.7	Free Agent	7	0.6	1.0	RB	SDC	2012
234	235	Henery, Alex	88.0	5.87	5.0	3.5	6.0	10.5	1	10	B	4	5.5	2	8	11.5	9.5	2.0	3.5	6.0	Free Agent	7	0.6	1.0	PK	PHI	2012
235	236	Feely, Jay	87.2	5.81	6.0	8.0	7.5	5.5	3	14.5	1	2	2	B	11.5	4.0	7.0	0.0	7.5	7.7	Free Agent	10	0.6	1.0	PK	ARI	2012
236	237	Fasano, Anthony	87.1	5.81	3.9	8.9	8.7	6.5	4.8	11.8	B	6.9	1.3	0.9	1.8	2.0	1.9	7.9	17.6	2.2	Free Agent	7	0.6	1.0	TE	MIA	2012
237	238	Manningham, Mario	86.9	7.24	5.9	8.9	9.6	11.2	10.6	11.1		5	B	3	6	10.4	7.7			-2.5	Free Agent (P)	9	0.6	1.0	WR	SFO	2012
238	239	Carpenter, Dan	86.0	6.14	3.5	2.5	7.0	5.5	5	5	B	11.5	7	3	1	5.5	11.5	7.5	10.5		Free Agent	7	0.6	1.0	PK	MIA	2012
239	240	Pierce, Bernard	84.8	5.65	3.2	1.0	4.5	6.5	2.2	4.5	0	B	10.5	4.8	3.8	6.2	7.5	10.5	3.5	16.1	O'Keefe - Trade (P)	8	0.8	2.0	RB	BAL	2012
240	241	Scobee, Josh	84.0	5.6	5.0	0.5	10.5	2.5	3	B	12	8	0	3.5	12	5.5	3.5	3.5	3.0	11.5	Free Agent	6	0.6	1.0	PK	JAC	2012
241	242	Bironas, Rob	83.0	5.53	4.5	2.5	10.5	1	0.5	13	2.5	5.5	3.5	13	B	12.5	3.5	9.0	1.0	0.5	Free Agent	11	0.6	1.0	PK	TEN	2012
242	243	Ogletree, Kevin	82.4	5.89	28.9	4.3	9.2	5	B	0	5.2	0	18.1	0	2		1.3	4.8	1.4	2.2	Free Agent	5	0.6	1.0	WR	DAL	2012
243	244	Jones, Jacoby	82.3	5.49	7.1	8.6	11.6	3.7	0	9.5	2.7	B	0	13.7	7.1	8.5	1.0	0.0	7.1	1.7	Free Agent	8	0.6	1.0	WR	BAL	2012
244	245	Scheffler, Tony	82.1	5.86	6.5	2.3		2.6	B	11.1	1.6	7.6	4.3	0	3.7	10.2	8.5	10.5	6.1	7.1	Free Agent	5	0.6	1.0	TE	DET	2012
245	246	Crosby, Mason	82.0	5.47	1.0	13.0	5.0	2	1.5	3	11.5	2.5	5	B	4.5	2.5	10.0	9.5	1.5	9.5	Free Agent	10	0.6	1.0	PK	GBP	2012
246	247	Gould, Robbie	81.5	6.27	7.5	4.5	11.0	8	8.5	B	5.5	4	10	7	0.5	9.0	5.0	1.0			Free Agent	6	0.6	1.0	PK	CHI	2012
247	248	Lindell, Rian	81.5	5.43	2.0	2.5	4.5	2	3	3	9	B	8	6	11.5	6.5	8.0	6.0	5.0	4.5	Free Agent	8	0.6	1.0	PK	BUF	2012
248	249	Hunter, Kendall	80.5	7.32	6.4	4.9	1.5	15.2	12.8	5.5	8.3	7.4	B	3.9	10.5	4.1					Jim's Team - Trade	9	2.25	1.0	RB	SFO	2012
249	250	Vereen, Shane	80.0	6.67				1.2	6.3	0	10	12.8	B	3.6	14.8	24.3	2.0	7.1	-2.1	0.0	Ryan - Trade	9	2.4	2.0	RB	NEP	2012
250	251	Hauschka, Steven	78.0	5.2	9.5	5.5	1.0	5.5	9.5	4.5	8	3.5	2.5	2	B	1.5	4.0	11.5	6.5	3.0	Free Agent	11	0.6	1.0	PK	SEA	2012
251	252	Miller, Zach	77.8	5.19	6.0	1.7	2.2	5.2	8.4	1.4	0	9.2	6.7	7.7	B	3.1	2.2	9.9	11.1	3.0	Free Agent	11	0.6	1.0	TE	SEA	2012
252	253	Draughn, Shaun	76.8	5.12	13.3	11.4	8.2	5.9	8.4	7.5	B	2.3	10.4	0	2.5	2.2	0.0	1.5	2.6	0.6	Free Agent	7	0.6	1.0	RB	KCC	2012
253	254	Cassel, Matt	76.2	8.47	17.7	19.2	4.3	11.8	-5.2		B	16.5	9.2	0.5	2.2						Free Agent	7	0.6	1.0	QB	KCC	2012
254	255	Hillman, Ronnie	75.7	5.82			2.2	10.3	2.4	0.7	B	13.4	2.1	9.3	10.8	2.0	4.9	4.2	8.2	5.2	Plummer - Trade	7	1.8	2.0	RB	DEN	2012
255	256	Moeaki, Tony	75.7	5.41	6.7	1.4	2.2	4.3	0	2.8	B	9.7	0	9.8	10.8	6.0	14.4	1.5	6.1		Free Agent	7	0.6	1.0	TE	KCC	2012
256	257	Casey, James	74.7	4.98	2.7	3.3	3.1	13.1	8.3	4.7	1.3	B	7.4	0	10	6.8	7.0	4.0	1.9	1.1	Free Agent	8	0.6	1.0	RB	HOU	2012
257	258	Floyd, Michael	74.6	4.97	0.0	0.0	7.3	7	2.7	3.4	1.7	7.1	12	B	3.3	7.0	3.7	5.0	5.7	8.7	O'Keefe - Trade	10	3.6	2.0	WR	ARI	2012
258	259	Wells, Beanie	74.4	9.3	2.8	11.6	3.4							B		20.7	5.7	3.0	29.1	-1.9	Free Agent	10	0.6	1.0	RB	ARI	2012
259	260	Wilson, David	74.1	4.94	-2.2	1.2	1.0	0	10.8	5.9	0	0.5	0	0.3	B	3.5	1.7	32.1	11.0	8.3	Ryan - Trade (Q)	11	3.8	1.0	RB	NYG	2012
260	261	Underwood, Tiquan	73.3	5.64			1.2	6.4	B	8.8	11	5.2	1.7	9.2	2.8	11.7	2.2	2.7	7.6	2.8	Free Agent	5	0.6	1.0	WR	TBB	2012
261	262	Baldwin, Doug	72.7	5.59	1.5	1.3		2	5.7	14.9	3		1.1	7.2	B	2.4	7.6	4.4	1.8	19.8	Free Agent	11	0.6	1.0	WR	SEA	2012
262	263	Housler, Robert	72.7	4.85	0.0	1.2	3.8	6.8	7	2.2	8.9	6.2	9.5	B	0	13.2	3.5	8.1	2.3	0.0	Free Agent	10	0.6	1.0	TE	ARI	2012
263	264	Nugent, Mike	72.5	5.58	4.5	8.0	6.5	7.5	6.5	5.5	5	B	11	4	2	8.0	4.0		0.0		Free Agent	8	0.6	1.0	PK	CIN	2012
264	265	Forbath, Kai	71.5	7.15						6.5	10	6	6.5	B	4	6.5	4.0	12.0	6.5	9.5	Free Agent	10	0.6	1.0	PK	WAS	2012
265	266	Hartley, Garrett	71.0	4.73	3.5	8.5	4.5	4.5	4	B	2.5	1	2	5	6.5	1.5	7.5	6.5	7.5	6.0	Free Agent	6	0.6	1.0	PK	NOS	2012
266	267	Folk, Nick	70.0	4.67	8.0	3.5	8.0	0	3	2.5	16	2	B	0.5	10.5	4.0	0.5	5.0	2.5	4.0	Free Agent	9	0.6	1.0	PK	NYJ	2012
267	268	Cumberland, Jeff	69.8	4.99	6.3	2.8	4.0	4.2	12.6	0	0.9		B	0	1.2	9.3	10.0	4.7	13.8	0.0	Free Agent	9	0.6	1.0	TE	NYJ	2012
268	269	Goodson, Mike	69.6	6.33	1.7	16.5	0.3	4.8	B	11.9	1.1	3.5	10.6					0.0	15.4	3.8	Free Agent	5	0.6	1.0	RB	OAK	2012
269	270	Forsett, Justin	68.9	4.59	0.0	6.2	0.0	0	1.4	9.9	5.4	B	1.9	4	9.9	15.7	10.2	3.7	0.0	0.6	Free Agent	8	0.6	1.0	RB	HOU	2012
270	271	Tate, Ben	67.8	6.78	5.8	29.1	1.7	3.9		2.5	7.7	B					2.9	7.7	2.8	3.7	Free Agent (P)	8	0.6	1.0	RB	HOU	2012
271	272	Hillis, Peyton	67.1	5.59	5.3	11.3	1.7				B	4.6	5	6.7	-1.5	0.3	13.7	3.2	0.2	16.6	Free Agent (P)	7	0.6	1.0	RB	KCC	2012
272	273	Edelman, Julian	66.3	7.37	1.7	8.5	12.2				2.2	1.3	B	0	27.2	10.9	2.3				Free Agent	9	0.6	1.0	WR	NEP	2012
273	274	Keller, Dustin	65.7	8.21	1.2					1.1	21.3	11.7	B	7.2	3.1	16.4	3.7				Free Agent	9	0.6	1.0	TE	NYJ	2012
274	275	Burleson, Nate	64.9	10.82	12.7	3.0	22.5	10.1	B	14	2.6										Free Agent (P)	5	0.6	1.0	WR	DET	2012
275	276	Novak, Nick	64.0	5.33				12	2.5	4.5	B	7	4	4.5	1.5	6.5	2.5	10.0	0.5	8.5	Free Agent	7	0.6	1.0	PK	SDC	2012
276	277	Douglas, Harry	63.9	4.56	5.2	4.7	2.3	1.6	6.6	6.7	B		0	7.9	8.8	2.1	0.0	4.9	11.5	1.6	Free Agent	7	0.6	1.0	WR	ATL	2012
277	278	Benjamin, Travis	63.8	4.91	6.4	2.4	11.9	4.8			5.3	0	2.9	B	0	0.3	1.1	8.2	13.4	7.1	Free Agent (Q)	10	0.6	1.0	WR	CLE	2012
278	279	Graham, Garrett	63.2	4.51	0.0	2.5	5.9	0	0	5	4.7	B	8.1	3	26.7	3.7	1.2		0.0	2.4	Free Agent	8	0.6	1.0	TE	HOU	2012
279	280	Sanu, Mohamed	63.1	7.89			9.2	0	0		5.6	B	4.4	15.2	9.6	19.1					Free Agent	8	0.6	1.0	WR	CIN	2012
280	281	Jeffery, Alshon	62.6	6.96	16.5	1.2	8.5	5.7	9.5	B					3			13.7	0.0	4.5	Just Win Baby - Trade	6	2.0	3.0	WR	CHI	2012
281	282	Morgan, Joseph	62.1	4.78	0.0	1.0		14.5	0	B	11.3		0	0	0	4.3	4.8	12.6	13.6	0.0	Free Agent (P)	6	0.6	1.0	WR	NOS	2012
282	283	Broyles, Ryan	61.0	6.1			0.0	0	B	0	13.6	12.2	10.2	1.6	5	17.6	0.8				Free Agent (P)	5	0.6	1.0	WR	DET	2012
283	284	Hill, Stephen	60.7	5.52	24.9	0.0	0.0			10.8	9	4.9	B	0	0	3.1	8.0	0.0			Free Agent	9	0.6	1.0	WR	NYJ	2012
284	285	Pettis, Austin	60.2	4.63			0.0	4.2	1.1	2.1	8.7	3.5	B	9	6.6	0.0	2.2	6.3	9.5	7.0	Free Agent	9	0.6	1.0	WR	STL	2012
285	286	Graham, T.J.	59.9	4.28		1.2	10.4	5.9	4.8	1.1	1.1	B	1.9	2.1	1.5	3.9	6.9	6.5	5.7	6.9	Free Agent (P)	8	0.6	1.0	WR	BUF	2012
286	287	Owens, Montell	59.6	4.58	1.8	0.0	0.0	0	0	B	0			0	0	0.0	8.4	21.5	9.0	18.9	Free Agent (Q)	6	0.6	1.0	RB	JAC	2012
287	288	Gerhart, Toby	57.9	3.86	4.3	6.2	1.9	2.7	6.8	2.8	0.3	4.8	2.9	2.5	B	0.0	2.1	3.3	4.6	12.7	Free Agent	11	0.6	1.0	RB	MIN	2012
288	289	Murphy, Louis	57.9	3.86	8.8	0.0	1.2	1.8	1.5	B	7.8	6	0.9	0	2.2	8.5	7.3	7.1	3.3	1.5	Free Agent	6	0.6	1.0	WR	CAR	2012
289	290	Walker, Delanie	57.9	3.86	0.0	1.2	0.6	4.6	0	0	7.7	5.8	B	0	1.4	11.1	1.7	3.0	6.9	13.9	Free Agent	9	0.6	1.0	TE	SFO	2012
290	291	Jennings, Greg	57.1	8.16	6.9		8.0	7.4						B			8.1	3.7	8.0	15.0	Free Agent	10	0.6	1.0	WR	GBP	2012
291	292	Peerman, Cedric	57.1	4.39	3.3	0.3	0.0	5.5	0	15	6.7	B	0	5.7	10.6	9.2	0.8			0.0	Free Agent	8	0.6	1.0	RB	CIN	2012
292	293	Bolden, Brandon	56.9	6.32	2.6	0.0	6.8	28.5	10.7	5			B					2.0	0.0	1.3	Free Agent	9	0.6	1.0	RB	NEP	2012
293	294	Williams, Damian	56.4	4.34	6.3	7.5	3.5	1.6	1.4	2.9	6.8	0.5	3.4	5.1	B	6.6	3.9			6.9	Free Agent	11	0.6	1.0	WR	TEN	2012
294	295	Starks, James	56.3	9.38						2.1		2.9	10.5	B	15.5	6.1	19.2				Free Agent	10	0.6	1.0	RB	GBP	2012
295	296	Paulsen, Logan	55.5	3.7	3.2	0.0	0.0	0	0	0	11.1	7.3	10.4	B	8.2	2.6	2.1	1.3	8.2	1.1	Free Agent	10	0.6	1.0	TE	WAS	2012
296	297	McCoy, Anthony	55.2	3.68	0.0	13.1	1.4	3.5	0	0	0	4.7	0	0	B	9.8	2.1	13.5	0.0	7.1	Free Agent (P)	11	0.6	1.0	TE	SEA	2012
297	298	Baldwin, Jon	55.0	3.93	0.0	9.2	6.6	8	3.6	3.4	B	1.2	1.8	2.1		0.0	11.2	0.0	0.0	7.9	Free Agent	7	0.6	1.0	WR	KCC	2012
298	299	Cooper, Riley	54.6	5.46						3.3	B	0	0	9.9	10.1	1.2	10.6	7.2	9.5	2.8	Free Agent	7	0.6	1.0	WR	PHI	2012
299	300	Davis, Fred	53.3	7.61	5.3	3.2	15.0	10.5	9.4	7.6	2.3			B							Free Agent (S)	10	0.6	1.0	TE	WAS	2012
300	301	Bennett, Earl	53.1	4.83	8.0	4.1	1.6			B	5.2	7.7	5.2	1.9	1.1	8.0	7.7			2.6	Free Agent	6	0.6	1.0	WR	CHI	2012
301	302	Fleener, Coby	52.5	4.77	12.7	2.6	0.0	B	7.1	7.7	3.7	3.9					9.1	1.4	3.1	1.2	Suburban Thugs	4	3.0	2.0	TE	IND	2012
302	303	Henderson, Devery	52.5	3.75	2.1		7.8	1.5	23.8	B	10	0	1.3	0	0.8	1.1	0.0	2.1	2.0	0.0	Free Agent	6	0.6	1.0	WR	NOS	2012
303	304	Robinson, Aldrick	52.3	3.74	14.7	6.0	2.2		1.5	0	2.1	0	1.1	B	11.4	13.3	0.0	0.0	0.0	0.0	Free Agent	10	0.6	1.0	WR	WAS	2012
304	305	Stevens, Craig	51.5	3.43	1.0	5.6	10.8	9.9	2.9	0.9	2.7	2.5	4.6	1.2	B	2.2	0.0	2.9	3.1	1.2	Free Agent	11	0.6	1.0	TE	TEN	2012
305	306	Miller, Lamar	49.7	4.14		16.0	7.6	2.1	0	0	B		0.9	4.6	0		0.0	2.5	4.7	11.3	davyhouse - Trade	7	2.6	2.0	RB	MIA	2012
306	307	Smith, Brad	49.5	3.54		3.0	1.0	12.4	4.8	-0.3	7.4	B	0.2	0	0	0.0	6.4	1.1	5.1	8.4	Free Agent	8	0.6	1.0	WR	BUF	2012
307	308	Snelling, Jason	49.0	3.27	0.9	1.5	3.2	2	1.8	0.2	B	9.9	2.3	2.2	1.7	5.8	4.8	1.5	9.5	1.7	Free Agent	7	0.6	1.0	RB	ATL	2012
308	309	Spurlock, Micheal	47.8	3.68	0.0	0.0	0.0	0			B	1.7	12.5	10.1	3.3	0.0		12.9	1.3	6.0	Free Agent	7	0.6	1.0	WR	SDC	2012
309	310	Hardesty, Montario	47.2	4.29	0.0	0.0				17	4.7	0.9		B	3.6	2.3	5.9	8.2	0.9	3.7	Free Agent	10	0.6	1.0	RB	CLE	2012
310	311	Holmes, Santonio	47.2	11.8	10.8	10.8	22.7	2.9					B								Free Agent	9	0.6	1.0	WR	NYJ	2012
311	312	Hester, Devin	46.9	3.35	4.4	0.0	1.0	11.3	6.9	B	5.8	1	3.4	1.4	3.8	0.0		7.9	0.0	0.0	Free Agent	6	0.6	1.0	WR	CHI	2012
312	313	Royster, Evan	46.0	3.07	1.4	2.8	5.3	3.8	1.2	1.4	0.5	0	12.4	B	0.5	0.0	0.5	2.2	11.2	2.8	Free Agent (P)	10	0.6	1.0	RB	WAS	2012
313	314	Davis, Kellen	45.9	3.06	0.0	8.6	3.5	9.2	4.6	B	0.8	7.7	0	-1.9	3.5	2.5	0.0	4.0	0.0	3.4	Free Agent	6	0.6	1.0	TE	CHI	2012
314	315	Clay, Charles	45.2	3.23	0.0	0.7	0.0	0	5.5	1.3	B	0	9.6	2.5	0	18.9	4.1	0.8	1.8		Free Agent	7	0.6	1.0	TE	MIA	2012
315	316	Kuhn, John	44.8	3.45	0.0	5.3	4.9	1.2	8.4	1	4.8			B	0.2	10.4	5.6	0.2	0.9	1.9	Free Agent	10	0.6	1.0	RB	GBP	2012
316	317	Cameron, Jordan	44.1	3.15	0.0	0.0	8.0	2.5	4.6	5.8	1.4	2.2	0	B	0	8.2	4.5	1.5	5.4		davyhouse - Trade	10	1.0	2.0	TE	CLE	2012
317	318	Wright, Jarius	44.0	7.33										15	B	9.4	2.3	4.9	2.1	10.3	Free Agent	11	0.6	1.0	WR	MIN	2012
318	319	Crabtree, Tom	43.8	3.37	0.0	9.2		2.6	1.1	13.7	0	0	13.7	B	0	0.0	3.5	0.0	0.0		Free Agent	10	0.6	1.0	TE	GBP	2012
319	320	Ivory, Christopher	43.7	8.74						B			14	17.4	5.8	5.5	1.0				Free Agent (P)	6	0.6	1.0	RB	NOS	2012
320	321	Mendenhall, Rashard	43.4	8.68				B	23.2	3.9					9.7	-1.6				8.2	Free Agent	4	0.6	1.0	RB	PIT	2012
321	322	Harbor, Clay	43.2	3.09	9.1	2.9	0.0	1.2	1.3	1.9	B	0	4.5	4.5	0.5	0.0	0.8	15.2	1.3		Free Agent	7	0.6	1.0	TE	PHI	2012
322	323	Harris, Dwayne	43.2	2.88	0.0	0.0	0.0	0	B	0	0	0	0	6	3.5	10.6	2.1	5.3	7.6	8.1	Free Agent (P)	5	0.6	1.0	WR	DAL	2012
323	324	Carter, Delone	42.9	4.29				B	0	2.1	7.8	7.7	5.2	2.1	9	0.0	0.0	9.0			Free Agent	4	0.6	1.0	RB	IND	2012
324	325	Cousins, Kirk	42.9	14.3					4					B				9.8	29.1		Free Agent	10	0.6	1.0	QB	WAS	2012
325	326	Meachem, Robert	42.9	3.06	6.4	0.0	7.3	0	20.2	5.5	B	0.2		1.3	2	0.0	0.0	0.0	0.0	0.0	Free Agent	7	0.6	1.0	WR	SDC	2012
326	327	Johnson, Damaris	42.3	3.25	2.0	3.6	10.4	2.9	0		B		0	4.2	3.1	2.3	8.3	0.5	0.0	5.0	Free Agent	7	0.6	1.0	WR	PHI	2012
327	328	Royal, Eddie	42.1	4.68	3.5	3.3	3.9	9.1	5.1	4.2	B			6.1	0					6.9	Free Agent	7	0.6	1.0	WR	SDC	2012
328	329	Williams, Kyle	41.6	3.78	0.5	0.0	2.6	1.1	13.3	8	3.3	0.9	B	4.4	7.5	0.0					Free Agent (P)	9	0.6	1.0	WR	SFO	2012
329	330	Randle, Rueben	41.5	2.77	0.0	0.0	0.9	0	12.7	0	0	8.8	0	1.4	B	10.1	2.3	0.0	0.0	5.3	Plummer - Trade	11	1.2	3.0	WR	NYG	2012
330	331	Binns, Armon	41.2	4.58	4.8	11.1	13.8	0	4.1	2.2	B		0						0.0	5.2	Free Agent	7	0.6	1.0	WR	MIA	2012
331	332	Young, Darrel	41.2	2.75	1.2	0.0	0.0	6	0	7.1	5.2	1.7	1	B	7.1	0.0	4.2	3.8	3.9	0.0	Free Agent	10	0.6	1.0	RB	WAS	2012
332	333	Leach, Vonta	39.9	2.66	3.8	7.8	2.2	4	3.4	1.2	0.8	B	1.7	1.5	0	0.6	7.5	3.3	2.1	0.0	Free Agent	8	0.6	1.0	RB	BAL	2012
333	334	Rainey, Chris	39.9	2.66	1.4	1.7	4.9		1.3	2.2	9.8	4.9	1.6	0	0	9.2	0.0	0.8	2.1	0.0	Free Agent (P)	-	0.6	1.0	RB	FA	2012
334	335	Blount, LeGarrette	38.7	2.98	2.1	0.0	2.7	9.4	B	13.7	1	3.7	0.9	0.5		0.0		0.4	4.3	0.0	Free Agent	5	0.6	1.0	RB	TBB	2012
335	336	Simpson, Jerome	38.5	3.5				8.5	0		1.3	2.2	2.4	4.8	B	0.6	4.0	2.3	6.2	6.2	Free Agent	11	0.6	1.0	WR	MIN	2012
336	337	Gates, Clyde	38.3	3.83		1.5	0.0	0	3.7			14.7	B	2	3.4	3.5			0.0	9.5	Free Agent (P)	9	0.6	1.0	WR	NYJ	2012
337	338	Quinn, Brady	38.3	4.26					2	1.9	B	-0.7			5.7	0.2	27.5	1.2	1.2	-0.7	Free Agent (Q)	7	0.6	1.0	QB	KCC	2012
338	339	Criner, Juron	35.6	2.97	0.0			4.9	B	0	0	0	2	4.1	10.3	4.3	5.6	4.4	0.0		Free Agent	5	0.6	1.0	WR	OAK	2012
339	340	Ogbonnaya, Chris	35.4	2.53		9.8	3.7	2.7	7.4	2.8	5	2	0	B	0.8	0.0	0.0	0.0	0.0	1.2	Free Agent	10	0.6	1.0	RB	CLE	2012
340	341	Quick, Brian	35.1	2.7		0.0		2.9	0	0.6	4.6	4.9	B	10.1	1.4	0.0	0.8	1.6	8.2	0.0	Free Agent	9	0.6	1.0	WR	STL	2012
341	342	Robinson, Michael	35.1	2.34	0.0	2.0	0.0	0	2.2	0	3.1	2	5.5	0	B	6.9	3.8	2.2	6.6	0.8	Free Agent	11	0.6	1.0	RB	SEA	2012
342	343	Williams, Ryan	34.9	6.98	2.7	2.8	14.6	5.7	9.1					B							Just Win Baby - Trade	10	4.25	1.0	RB	ARI	2012
343	344	Barden, Ramses	34.5	2.88	0.0	3.4	21.8	5.1		0	0	0	0	4.2	B	0.0	0.0	0.0			Free Agent	11	0.6	1.0	WR	NYG	2012
344	345	Jones, Marvin	32.9	3.29	0.0	0.0		1		3.6	0	B				0.0	3.5	11.9	1.7	11.2	Free Agent	8	0.6	1.0	WR	CIN	2012
345	346	McKnight, Joe	32.9	2.35	0.5	1.9	0.2	0	7.3	8.7	4.2	0	B		5.5	-2.2	1.2	0.0	4.7	0.9	Free Agent	9	0.6	1.0	RB	NYJ	2012
346	347	Choice, Tashard	31.9	3.19	1.1	6.3	16.9	2.9		0		B		0	3.1			0.0	1.4	0.2	Free Agent	8	0.6	1.0	RB	BUF	2012
347	348	Cotchery, Jerricho	31.4	2.62	0.0	1.6	1.4	B	1.2	0	3		8.5	3.2	4.2			0.0	4.8	3.5	Free Agent	4	0.6	1.0	WR	PIT	2012
348	349	Rosario, Dante	31.0	2.58	0.0	25.3	-2.5	0	2.6	0	B	2.1	0	2.1				0.0	1.4	0.0	Free Agent	7	0.6	1.0	TE	SDC	2012
349	350	Brazill, LaVon	30.1	2.15	-1.5		0.0	B	0	2.4	0	1.4	4.5	3.1	6.6	1.6	10.7	1.3	0.0	0.0	Free Agent (S)	4	0.6	1.0	WR	IND	2012
350	351	Martin, Keshawn	30.0	2.0	0.0	0.0	6.3	3.9	2.1	4.4	0	B	0.3	0	7.4	5.1	0.0	0.5	0.0	0.0	Free Agent	8	0.6	1.0	WR	HOU	2012
351	352	Cundiff, Billy	29.5	5.9	16.0	2.0	5.0	4.5	2												Free Agent	-	0.6	1.0	PK	FA*	2012
352	353	Johnson, Will	29.1	1.94	2.2	3.6	0.9	B	0	0	1.4	7.8	1.9	1.2	0	2.3	2.4	0.0	5.4	0.0	Free Agent	4	0.6	1.0	RB	PIT	2012
353	354	Washington, Leon	28.6	1.91	0.9	1.9	1.3	0.4	-3	1.4	0.8	3.1	0	0.4	B	6.0	2.3	12.2	0.9	0.0	Free Agent	11	0.6	1.0	RB	SEA	2012
354	355	Brown, Josh	28.0	9.33								B						12.5	7.0	8.5	Free Agent	8	0.6	1.0	PK	CIN	2012
355	356	Stewart, Jeremy	27.8	6.95					B					3.6	4.4	11.2	8.6				Free Agent	5	0.6	1.0	RB	OAK	2012
356	357	Kaeding, Nate	27.5	6.88	13.5	4.5	4.0				B									5.5	Free Agent	7	0.6	1.0	PK	MIA	2012
357	358	Paul, Niles	27.4	1.83	0.0	2.8	0.0	4	0	0	0.2	4.7	3.2	B	0	9.4	0.0	0.0	0.0	3.1	Free Agent	10	0.6	1.0	TE	WAS	2012
358	359	Dickson, Ed	26.6	2.22	3.7	3.3	1.5	0	2.1	1.3	1	B	2.6	7.9	1.8	0.0				1.4	Free Agent	8	0.6	1.0	TE	BAL	2012
359	360	Stocker, Luke	26.5	1.77	0.0	0.0	6.6	1	B	0	4.3	0	0.7	2.1	0	1.0	3.4	0.0	4.3	3.1	Free Agent	5	0.6	1.0	TE	TBB	2012
360	361	Leonard, Brian	26.4	1.89	1.1	0.0	3.2	2.3	3.4	0.8		B	6.6	1.2	1.6	0.0	0.3	3.2	2.7	0.0	Free Agent	8	0.6	1.0	RB	CIN	2012
361	362	Harris, DuJuan	26.2	8.73										B				11.0	4.2	11.0	Free Agent	10	0.6	1.0	RB	GBP	2012
362	363	Jean, Lestar	26.1	2.01	1.9	0.0	5.6			0	0	B	0	0	2.1	0.0	11.9	4.6	0.0	0.0	Free Agent (I)	8	0.6	1.0	WR	HOU	2012
363	364	Tate, Brandon	26.0	1.73	0.8	15.1	0.0	0	0	1.6	0.8	B	2.7	-3	3.4	1.1	0.0	0.0	0.2	3.3	Free Agent	8	0.6	1.0	WR	CIN	2012
364	365	Gano, Graham	24.5	4.9						B						1.5	1.5	10.5	5.0	6.0	Free Agent	6	0.6	1.0	PK	CAR	2012
365	366	Tebow, Tim	24.5	2.23	2.1	2.9	1.2	1	3.3	3.2	2.5	0.4	B	4.6	0.8				2.5		Free Agent	9	0.6	1.0	QB	NYJ	2012
366	367	Beasley, Cole	24.3	2.7	0.0			2.4	B			0	1.3	1.3	1.3	12.8	2.3		2.9		Free Agent	5	0.6	1.0	WR	DAL	2012
367	368	Doss, Tandon	24.3	1.74	0.0	1.1	0.0	4.9	0	0	8	B	0	3.6	0	1.9	0.0	0.0	4.8		Free Agent	8	0.6	1.0	WR	BAL	2012
368	369	Moore, Marlon	23.7	1.82	0.0	0.0			0	12.6	B	4.7	0	0	0	1.1	0.0	0.0	5.3	0.0	Free Agent	7	0.6	1.0	WR	MIA	2012
369	370	Collins, Jed	23.5	1.68	0.0	0.0	7.1	2.2	0	B	0.6	0	0.6	0	4.1	7.9	1.2	-1.1	0.9		Free Agent	6	0.6	1.0	RB	NOS	2012
370	371	Dixon, Anthony	23.3	1.55	0.0	0.0	0.0	2.9	8.9	0	0	0	B	0	1.2	0.7	0.0	7.3	1.1	1.2	Free Agent	9	0.6	1.0	RB	SFO	2012
371	372	Campbell, Jason	22.6	3.77					0	B	1.1		0.6	3.9	7			10.0			Free Agent	6	0.6	1.0	QB	CHI	2012
372	373	Dunbar, Lance	22.0	2.0					B	1.8	0	0	4.7	3.7	5.1	5.6	0.0	1.1	0.0	0.0	Free Agent	5	0.6	1.0	RB	DAL	2012
373	374	King, Jeff	21.4	1.43	1.8	0.0	2.5	3.7	0.9	2	0	6.8	0	B	0	1.9	0.0	0.0	1.2	0.6	Free Agent (Q)	10	0.6	1.0	TE	ARI	2012
374	375	Hill, Shaun	21.2	21.2			21.2		B												Free Agent	5	0.6	1.0	QB	DET	2012
375	376	Lorig, Erik	20.6	1.37	4.6	1.3	0.0	0	B	2.6	1.6	6.6	2.1	0	0	0.0	0.0	0.0	0.0	1.8	Free Agent	5	0.6	1.0	RB	TBB	2012
376	377	Reynaud, Darius	20.2	1.35	4.8	0.0	6.2	0	1	0	3.5	0.6	0	2.8	B	0.9	0.0	0.4	0.0	0.0	Free Agent	11	0.6	1.0	RB	TEN	2012
377	378	Tanner, Phillip	20.2	1.44	0.0	0.0	0.0	4	B	5.4	8.4	2.2	0.2	0	0	0.0	0.0	0.0		0.0	Free Agent	5	0.6	1.0	RB	DAL	2012
378	379	James, LaMichael	20.0	6.67									B					8.6	5.2	6.2	Ryan - Trade	9	2.4	2.0	RB	SFO	2012
379	380	Lewis, Dion	19.6	2.45					0		B			0	0	4.4	2.3	4.0	1.0	7.9	Free Agent	7	0.6	1.0	RB	PHI	2012
380	381	Mulligan, Matthew	18.9	1.26	0.0	8.9	2.2	0	0	2.5	0	2.8	B	0	0	2.5	0.0	0.0	0.0	0.0	Free Agent	9	0.6	1.0	TE	STL	2012
381	382	Elliott, Kevin	18.8	1.45	0.0	0.0	3.9	1	2.7		0	B	0	0	0	0.0	4.4	6.8			Free Agent (P)	8	0.6	1.0	WR	BUF	2012
382	383	Miller, Bruce	18.5	1.23	2.5	0.0	0.0	2.1	1.6	0	0	0.8	B	0	0	6.2	2.7	1.6	0.0	1.0	Free Agent	9	0.6	1.0	RB	SFO	2012
383	384	Matthews, Rishard	18.0	2.57		0.0					B				2.9	0.0	3.8	1.3	4.8	5.2	Free Agent	7	0.6	1.0	WR	MIA	2012
384	385	Barnidge, Gary	17.8	1.19	0.0	0.0	0.0	0	0	B	0	1.2	2.3	1.3	0	8.9	0.0	1.1	3.0	0.0	Free Agent	6	0.6	1.0	TE	CAR	2012
385	386	Havili, Stanley	17.7	1.26	0.0	1.4	0.0	3.1	0.7	0	B	0	1.2	7.1	1.9	1.0	0.0	0.0	1.3		Free Agent	7	0.6	1.0	RB	PHI	2012
386	387	Charles, Orson	16.6	1.11	0.0	0.0	3.5	2	0	2.2	0	B	0.9	2.9	0	2.4	0.0	2.7	0.0	0.0	Free Agent	8	0.6	1.0	TE	CIN	2012
387	388	Durham, Kris	16.5	5.5					B									8.9	2.4	5.2	Free Agent	5	0.6	1.0	WR	DET	2012
388	389	Phillips, John	16.5	1.1	1.1	3.1	0.0	0	B	2.9	0	8.9	0	0	0	0.0	0.5	0.0	0.0	0.0	Free Agent (P)	5	0.6	1.0	TE	DAL	2012
389	390	Cooper, Josh	16.3	3.26						5.9	9.3	0		B	1.1					0.0	Free Agent	10	0.6	1.0	WR	CLE	2012
390	391	McClain, Le'Ron	16.1	1.07	4.4	2.8	0.0	1.3	0	0	B	1.4	0.2	0.9	0	0.0	4.1	1.0	0.0	0.0	Free Agent	7	0.6	1.0	RB	SDC	2012
391	392	Dickerson, Dorin	15.9	1.59	0.0	0.2		5.6			0	B	2.3	0	0.9	0.0			2.0	4.9	Free Agent (P)	8	0.6	1.0	RB	BUF	2012
392	393	Smith, Lee	15.8	1.05	1.5	0.0	0.0	0	0	0	0	B	0	1	0	6.6	0.0	6.7	0.0	0.0	Free Agent	8	0.6	1.0	TE	BUF	2012
393	394	Jones, Greg	15.7	1.43	1.4	0.9	3.0	5	0	B	0	0					0.0	3.1	1.0	1.3	Free Agent	6	0.6	1.0	RB	JAC	2012
394	395	Edwards, Armanti	15.5	1.11	0.0	0.0	0.0	1.6	0	B	0		9.2	1.4	0	0.0	2.1	1.2	0.0	0.0	Free Agent	6	0.6	1.0	WR	CAR	2012
395	396	Hoomanawanui, Michael	15.4	1.18	0.0	0.0	0.9	0			0	2.8	B	0	0	0.0	0.0	0.0	5.1	6.6	Free Agent	9	0.6	1.0	TE	NEP	2012
396	397	Reuland, Konrad	15.4	1.03	0.0	3.5	3.2	0	0	0	1.6	0	B	0	2.8	1.7	0.0	1.7	0.9	0.0	Free Agent	9	0.6	1.0	TE	NYJ	2012
397	398	Ausberry, David	15.2	1.01	2.2	4.1	2.3	1.4	B	2.2	0	0	0	3	0	0.0	0.0	0.0	0.0	0.0	Free Agent	5	0.6	1.0	TE	OAK	2012
398	399	Orton, Kyle	14.4	14.4				14.4	B												Free Agent	5	0.6	1.0	QB	DAL	2012
399	400	Skelton, John	14.0	2.0	0.4					-5.2	13.8	9.7	10.6	B	-2			-13.3			Free Agent	10	0.6	1.0	QB	ARI	2012
400	401	Pilares, Kealoha	13.6	1.7	1.2	1.1	0.0	10.1	1.2	B	0	0	0								Free Agent (Q)	6	0.6	1.0	WR	CAR	2012
401	402	Breaston, Steve	13.4	1.49	4.5	0.0	0.7	2.2	0	0	B	0	3.7		2.3						Free Agent	7	0.6	1.0	WR	KCC	2012
402	403	Hynoski, Henry	13.4	0.89	0.6	1.5	2.5	1.1	0	0	0.8	0	1.8	0.7	B	0.0	0.0	2.6	0.0	1.8	Free Agent (P)	11	0.6	1.0	RB	NYG	2012
403	404	Thigpen, Marcus	13.0	0.87	6.0	0.0	0.0	0	0	0	B	0	0	0	6	0.0	1.5	-3.0	2.5	0.0	Free Agent	7	0.6	1.0	RB	MIA	2012
404	405	Bell, Kahlil	12.7	2.12			6.6	1.6		B					0		-2.3	0.0		6.8	Free Agent	6	0.6	1.0	RB	CHI	2012
405	406	Davis, Drew	12.5	0.89		0.0	0.0	0	0	0	B	10.5	0	0	0.9	0.0	0.0	1.1	0.0	0.0	Free Agent	7	0.6	1.0	WR	ATL	2012
406	407	Smith, Alex	12.5	1.14	0.5	5.5				0		0.6	2.3	B	0.7	0.0	0.6	0.0	1.8	0.5	Free Agent (P)	10	0.6	1.0	TE	CLE	2012
407	408	Holliday, Trindon	12.2	0.81	0.0	0.0	0.0	0	0	-3	B	0	6	9.2	0	0.0	0.0	0.0	0.0	0.0	Free Agent	7	0.6	1.0	WR	DEN	2012
408	409	Burton, Stephen	12.0	1.0	0.0	7.2	0.0		1.1	0	0	0		0	B	0.0	0.0	0.0	3.7		Free Agent	11	0.6	1.0	WR	MIN	2012
409	410	Pascoe, Bear	12.0	0.86	1.1	0.0	0.0	7.1	1.2	0	0	0		0	B	0.0	2.6	0.0	0.0	0.0	Free Agent	11	0.6	1.0	TE	NYG	2012
410	411	Moore, Matt	11.9	5.95							B	11.6		0.3							Free Agent	7	0.6	1.0	QB	MIA	2012
411	412	Palmer, Michael	11.7	0.97	1.1	0.0	0.6				B	0	1.5	1	0	0.0	0.0	0.9	0.0	6.6	Free Agent	7	0.6	1.0	TE	ATL	2012
412	413	McCoy, Colt	11.3	3.77										B		0.0		0.4		10.9	Free Agent	10	0.6	1.0	QB	CLE	2012
413	414	Spaeth, Matt	11.1	0.74	0.0	1.4	0.0	0	0	B	0	0	0	1.9	0	7.8	0.0	0.0	0.0	0.0	Free Agent	6	0.6	1.0	TE	CHI	2012
414	415	Posey, DeVier	10.8	1.08				0	0.2	0	0	B		0	0		0.0	2.9	6.6	1.1	Free Agent	8	0.6	1.0	WR	HOU	2012
415	416	Williams, D.J.	10.7	0.89	0.0	1.6	2.1		3.5		0	0	0	B	0	0.0	0.0	0.0		3.5	Free Agent	10	0.6	1.0	TE	GBP	2012
416	417	Hanna, James	10.6	0.71	2.0	0.0	0.0	0	B	0	0	0	0	0	0	0.0	0.0	0.8	6.5	1.3	Free Agent	5	0.6	1.0	TE	DAL	2012
417	418	Carlson, John	10.4	0.8	0.0	0.0	0.0	0.5	0.7	1.2	0			2.1	B	1.7	0.0	0.0	4.2	0.0	Free Agent	11	0.6	1.0	TE	MIN	2012
418	419	Hilliard, Lex	10.4	0.8	0.0	0.9			0	0	4.3	3.1	B	1.6	0.5	0.0	0.0	0.0	0.0	0.0	Free Agent (P)	9	0.6	1.0	RB	NYJ	2012
419	420	Whalen, Ryan	10.3	1.29							5.6	B		0	1.1	0.0	2.0	0.0	0.0	1.6	Free Agent	8	0.6	1.0	WR	CIN	2012
420	421	Obomanu, Ben	10.1	1.26	0.0	0.0	1.3	0	1.8	0	7	0			B						Free Agent	11	0.6	1.0	WR	SEA	2012
421	422	Ellison, Rhett	10.0	0.67	0.0	0.0	0.0	0	5	2.6	0	1	0.9	0	B	0.0	0.0	0.5	0.0	0.0	Free Agent	11	0.6	1.0	TE	MIN	2012
422	423	Preston, Michael	9.9	3.3											B			2.1	4.6	3.2	Free Agent	11	0.6	1.0	WR	TEN	2012
423	424	Byham, Nate	9.8	0.98					B		0	0	3	0	6.8	0.0	0.0	0.0	0.0	0.0	Free Agent (P)	5	0.6	1.0	TE	TBB	2012
424	425	Johnson, Quinn	9.8	0.65	0.0	0.0	1.0	2.7	2.5	0	0	0.6	0	1	B	0.0	0.0	0.0	1.8	0.2	Free Agent	11	0.6	1.0	RB	TEN	2012
425	426	Helu, Roy	9.1	3.03	5.1	0.5	3.5							B							Plummer - Trade	10	0.6	2.0	RB	WAS	2012
426	427	Maneri, Steve	9.1	0.76			2.0	0	0	7.1	B		0	0	0	0.0	0.0	0.0	0.0	0.0	Free Agent	7	0.6	1.0	TE	KCC	2012
427	428	Paulson, David	8.6	0.57	0.0	0.0	0.0	B	1.3	1.3	1.2	0	1.2	2.5	1.1	0.0	0.0	0.0	0.0	0.0	Free Agent	4	0.6	1.0	TE	PIT	2012
428	429	Gray, Cyrus	8.3	0.92			0.0	2.2	5	0	B	0	0				1.1	0.0		0.0	Free Agent	7	0.6	1.0	RB	KCC	2012
429	430	Celek, Garrett	8.1	0.67				0	0.9	1.1	0	0	B	0	0	0.0	0.0	0.0	0.0	6.1	Free Agent	9	0.6	1.0	TE	SFO	2012
430	431	Green, Ladarius	8.1	2.7		4.1					B				4	0.0					Free Agent	7	0.6	1.0	TE	SDC	2012
431	432	Gordon, Richard	7.9	0.66	0.0	0.0	6.6		B			0	1.3	0	0	0.0	0.0	0.0	0.0	0.0	Free Agent	5	0.6	1.0	TE	OAK	2012
432	433	Benn, Arrelious	7.3	0.91		0.0	1.3	4.5	B	0	0.4	1.1	0		0						Free Agent	5	0.6	1.0	WR	TBB	2012
433	434	Cribbs, Josh	7.3	0.49	0.0	0.9	3.4	-0.4	-3	1	1.8	1.4	0	B	0	0.0	0.0	2.4	2.3	-2.5	Free Agent (P)	10	0.6	1.0	WR	CLE	2012
434	435	Wylie, Devon	7.2	1.44	0.0						B			0	0				1.1	6.1	Free Agent	7	0.6	1.0	WR	KCC	2012
435	436	Adams, Kyle	7.0	0.5	2.7		1.7	0	0	B	0	0	0	1.2	0	0.0	0.0	1.4	0.0	0.0	Free Agent	6	0.6	1.0	TE	CHI	2012
436	437	Ajirotutu, Seyi	7.0	2.33							B		3.8			3.2	0.0				Free Agent	7	0.6	1.0	WR	SDC	2012
437	438	Green, Virgil	6.9	0.63					0	0	B	6.9	0	0	0	0.0	0.0	0.0	0.0	0.0	Free Agent	7	0.6	1.0	TE	DEN	2012
438	439	Sherman, Anthony	6.9	0.49	0.0	0.0	0.0	0	4	0		2.1	0.8	B	0	0.0	0.0	0.0	0.0	0.0	Free Agent	10	0.6	1.0	RB	ARI	2012
439	440	Scott, Bernard	6.6	3.3			0.6		6			B									Free Agent	8	0.6	1.0	RB	CIN	2012
440	441	Cadet, Travaris	6.1	0.51	0.0			0		B	0	0	-2.3	3.1	4.5	0.0	0.0	0.0	0.8	0.0	Free Agent	6	0.6	1.0	RB	NOS	2012
441	443	Kearse, Jermaine	5.6	0.93									1.1	0	B	1.8		0.0	0.0	2.7	Free Agent	11	0.6	1.0	WR	SEA	2012
442	444	McNeill, Mike	5.6	0.43	2.0	0.0	0.0	0	0	0	0	2.2	B	0	1.4	0.0	0.0			0.0	Free Agent	9	0.6	1.0	TE	STL	2012
443	445	Nelson, David	5.1	5.1	5.1							B									Free Agent	8	0.6	1.0	WR	BUF	2012
444	446	Caldwell, Andre	4.9	0.7				2.1	0	0	B	0		0			0.0	2.8			Free Agent	7	0.6	1.0	WR	DEN	2012
445	447	Pead, Isaiah	4.9	0.35	0.0	0.0	0.9		0	0.8	0.3	4.3	B	-1.6	0	0.0	0.0	0.0	0.0	0.2	Free Agent	9	0.6	1.0	RB	STL	2012
446	448	Jernigan, Jerrel	4.7	0.59			0.0		1.1				0		B	0.0	1.9	0.0	0.0	1.7	Free Agent	11	0.6	1.0	WR	NYG	2012
447	449	Thompson, Taylor	4.7	0.31	0.0	0.0	0.0	0	1.2	1	0	0	1.2	0	B	0.0	0.0	0.0	0.0	1.3	Free Agent	11	0.6	1.0	TE	TEN	2012
448	450	Weems, Eric	4.7	0.31	0.0	0.0	0.0	0	0	B	0	0	0	0	0	1.9	2.8	0.0	0.0	0.0	Free Agent	6	0.6	1.0	WR	CHI	2012
449	451	Hartsock, Ben	4.5	0.32	0.0		0.0	0	0	B	0	3.5	0	0	0	0.0	0.0	0.0	1.0	0.0	Free Agent	6	0.6	1.0	TE	CAR	2012
450	452	Hawkins, Lavelle	4.5	0.75	2.3	0.0		1				1.2			B				0.0	0.0	Free Agent	11	0.6	1.0	WR	TEN	2012
451	453	Rodriguez, Evan	4.4	0.4	0.0	0.0	0.0			B			0	0	0	2.1	2.3	0.0	0.0	0.0	Free Agent	6	0.6	1.0	TE	CHI	2012
452	454	Boykin, Jarrett	4.0	0.44						0	0	1.4	1.7	B		0.0	0.0	0.9	0.0	0.0	Free Agent	10	0.6	1.0	WR	GBP	2012
453	455	Daniel, Chase	3.6	0.24	0.0	0.0	0.0	0	0	B	0	0	0	0	3.6	0.0	0.0	0.0	0.0	0.0	Free Agent	6	0.6	1.0	QB	NOS	2012
454	456	Pryor, Terrelle	3.6	1.8					B										-0.6	4.2	Free Agent	5	0.6	1.0	QB	OAK	2012
455	457	Owusu, Chris	3.4	0.68					B					0		0.0	0.0	0.0	3.4		Free Agent	5	0.6	1.0	WR	TBB	2012
456	458	Felton, Jerome	3.3	0.22	0.0	0.0	0.0	0	0	0	0	0	0	1	B	0.0	2.3	0.0	0.0	0.0	Free Agent	11	0.6	1.0	RB	MIN	2012
457	459	Grimes, Jonathan	3.2	0.36					0	B	1.1	2.1	0	0	0	0.0	0.0	0.0			Free Agent	6	0.6	1.0	RB	JAC	2012
458	460	Reed, David	3.2	0.8								B					0.0	0.0	3.2	0.0	Free Agent	8	0.6	1.0	WR	BAL	2012
459	461	Harkey, Cory	3.1	0.62									B		0	0.0	0.0	0.0	3.1		Free Agent	9	0.6	1.0	TE	STL	2012
460	462	Smith, Alfonso	3.1	0.31				0	1.8	0	0	0	0	B	0			0.0	0.0	1.3	Free Agent	10	0.6	1.0	RB	ARI	2012
461	463	Anderson, Derek	3.0	3.0			3.0			B											Free Agent	6	0.6	1.0	QB	CAR	2012
462	464	Flynn, Matt	3.0	1.0											B			2.4	0.0	0.6	Free Agent	11	0.6	1.0	QB	SEA	2012
463	465	Saunders, Weslye	3.0	0.3				B			0	2.1	0	0	0	0.9	0.0	0.0	0.0	0.0	Free Agent	4	0.6	1.0	TE	IND	2012
464	466	Robiskie, Brian	2.9	0.58					B			0				0.0		0.0	1.4	1.5	Free Agent	5	0.6	1.0	WR	DET	2012
465	467	Taylor, Tyrod	2.9	0.58	2.3			0				B	0.6	-0.6						0.6	Free Agent	8	0.6	1.0	QB	BAL	2012
466	468	Burress, Plaxico	2.8	1.4				B								0.0		2.8			Free Agent (P)	4	0.6	1.0	WR	PIT	2012
467	469	Holmes, Andre	2.6	0.37	0.0		0.0	1.7		0	0		B	0		0.9					Free Agent	9	0.6	1.0	WR	NEP	2012
468	470	Scott, Da'Rel	2.6	0.65			2.6	0	0	0					B						Free Agent	11	0.6	1.0	RB	NYG	2012
469	471	Asiata, Matt	2.2	0.15	0.7	0.0	0.0	0	1.2	0	0	0	0	0	B	0.0	0.0	0.0	0.0	0.3	Free Agent	11	0.6	1.0	RB	MIN	2012
470	472	Jacobs, Brandon	2.2	1.1												0.3	1.9				Free Agent	-	0.6	1.0	RB	FA	2012
471	473	Winslow, Kellen	2.2	2.2			2.2														Free Agent	-	0.6	1.0	TE	FA	2012
472	474	Coffman, Chase	2.1	0.53							B				0	0.0	0.0	2.1			Free Agent	7	0.6	1.0	TE	ATL	2012
473	475	Gronkowski, Chris	2.1	0.15	0.0	0.0	2.1	0	0	0	B	0	0	0	0	0.0	0.0	0.0	0.0		Free Agent	7	0.6	1.0	RB	DEN	2012
474	476	Taylor, Ryan	2.1	0.14	0.0	0.0	0.0	0	0	0	0	0	0	B	0	0.0	0.0	0.0	0.0	2.1	Free Agent	10	0.6	1.0	TE	GBP	2012
475	477	Todman, Jordan	1.9	1.9						B								1.9			Free Agent	6	0.6	1.0	RB	JAC	2012
476	478	Orlovsky, Dan	1.8	1.8					B										1.8		Free Agent	5	0.6	1.0	QB	TBB	2012
477	479	Sanzenbacher, Dane	1.7	0.42				0	1.7		0	B					0.0				Free Agent	8	0.6	1.0	WR	CIN	2012
478	480	Herron, Dan	1.4	0.7								B						0.0	1.4		Free Agent (P)	8	0.6	1.0	RB	CIN	2012
479	481	Jones, Dominique	1.3	0.33	1.3	0.0	0.0	B	0												Free Agent	4	0.6	1.0	TE	IND	2012
480	482	Collie, Austin	1.1	1.1			1.1	B													Free Agent	4	0.6	1.0	WR	IND	2012
481	483	Osweiler, Brock	1.0	0.25				0.2			B	0.2							0.4	0.2	Free Agent	7	0.6	1.0	QB	DEN	2012
482	484	Ta'ufo'ou, Will	1.0	0.2						B				0	0	1.0		0.0	0.0		Free Agent	6	0.6	1.0	RB	JAC	2012
483	485	Dray, Jim	0.8	0.07	0.0		0.0			0	0	0	0	B	0	0.0	0.0	0.0	0.0	0.8	Free Agent	10	0.6	1.0	TE	ARI	2012
484	486	Hoyer, Brian	0.8	0.8										B						0.8	Free Agent (P)	10	0.6	1.0	QB	ARI	2012
485	487	Smelley, Brad	0.8	0.8										B						0.8	Free Agent (P)	10	0.6	1.0	TE	CLE	2012
486	488	Smith, Armond	0.6	0.2						B								0.0	0.6	0.0	Free Agent	6	0.6	1.0	RB	CAR	2012
487	489	Thompson, Deonte	0.5	0.1	3.5	0.0	0.0	0	-3			B									Free Agent	8	0.6	1.0	WR	BAL	2012
488	490	McCown, Luke	0.4	0.2			0.0				B								0.4		Free Agent	7	0.6	1.0	QB	ATL	2012
489	491	Gradkowski, Bruce	0.2	0.1	0.2							B								0.0	Free Agent	8	0.6	1.0	QB	CIN	2012
490	492	Webb, Joe	0.2	0.2					0.2						B						Free Agent	11	0.6	1.0	QB	MIN	2012
491	493	Anderson, Joe	0.0	0.0						B									0.0	0.0	Free Agent	6	0.6	1.0	WR	CHI	2012
492	494	Bajema, Billy	0.0	0.0						0		B			0	0.0	0.0	0.0	0.0	0.0	Free Agent	8	0.6	1.0	TE	BAL	2012
493	495	Bellamy, Josh	0.0	0.0							B							0.0	0.0	0.0	Free Agent	7	0.6	1.0	WR	KCC	2012
494	496	Brockel, Richie	0.0	0.0	0.0	0.0	0.0	0	0	B	0	0	0	0	0	0.0	0.0	0.0	0.0	0.0	Free Agent	6	0.6	1.0	TE	CAR	2012
495	497	Brown, Mike	0.0	0.0						B										0.0	Free Agent	6	0.6	1.0	WR	JAC	2012
496	498	Butler, Deon	0.0	0.0											B					0.0	Free Agent	11	0.6	1.0	WR	SEA	2012
497	499	Clutts, Tyler	0.0	0.0	0.0	0.0	0.0	0	0	0	0	B	0	0	0	0.0	0.0	0.0	0.0	0.0	Free Agent	8	0.6	1.0	RB	HOU	2012
498	500	Cone, Kevin	0.0	0.0	0.0	0.0	0.0	0	0	0	B	0				0.0	0.0	0.0	0.0	0.0	Free Agent	7	0.6	1.0	WR	ATL	2012
499	501	Conner, John	0.0	0.0	0.0	0.0		0				B								0.0	Free Agent	8	0.6	1.0	RB	CIN	2012
500	502	Easley, Marcus	0.0	0.0								B					0.0		0.0		Free Agent	8	0.6		WR	BUF	2012
