#	ovr	player	pts	avg	1	2	3	4	5	6	7	8	9	10	11	12	13	14	15	16	status	bye	salary	years	position	team	year
1	1	Manning, Peyton	524.0	34.93	62.6	29.0	40.2	44.6	52	18.6	30.2	30.4	B	38	16	12.6	41.6	44.0	22.8	41.4	Free Agent	9	0.6	1.0	QB	DEN	2013
2	2	Charles, Jamaal	435.9	29.06	23.7	27.0	35.2	26.3	27.4	34.2	24.5	21.1	18.5	B	13.5	35.5	27.3	35.6	58.1	28.0	Free Agent	10	0.6	1.0	RB	KCC	2013
3	3	Brees, Drew	434.3	28.95	29.0	11.2	39.8	48	31.6	15.8	B	49.6	20.8	49	19.6	27	9.2	42.1	25.7	15.9	Free Agent	7	0.6	1.0	QB	NOS	2013
4	4	McCoy, LeSean	383.1	25.54	36.1	24.9	27.8	15.6	25.2	23.6	16.7	13	19.9	25.1	34	B	20.8	43.4	17.2	39.8	Jim's Team - Trade	12	16.8	1.0	RB	PHI	2013
5	5	Rivers, Philip	371.1	24.74	27.9	44.6	18.8	40.8	25.6	17.8	24.6	B	22.8	17.9	17.9	37.5	14.9	29.0	20.6	10.4	Free Agent	8	0.6	1.0	QB	SDC	2013
6	6	Forte, Matt	355.0	23.67	22.4	26.6	24.8	24.5	17.4	20.9	34.6	B	36.2	10.8	26.6	18.9	24.2	35.0	21.9	10.2	Holmes Family Jules - Trade	8	10.2	2.0	RB	CHI	2013
7	7	Newton, Cam	353.1	23.54	19.0	19.5	36.5	B	2.1	43.8	23.9	39.3	20.8	4	38	20	31.8	21.5	21.5	11.4	Ryan - Trade (P)	4	3.5	3.0	QB	CAR	2013
8	8	Dalton, Andy	340.3	22.69	24.5	16.8	19.7	3.1	13.4	34.5	37.2	41	4.8	12.1	13.2	B	12.8	40.1	23.1	44.0	Suburban Thugs	12	1.75	3.0	QB	CIN	2013
9	9	Wilson, Russell	338.7	22.58	22.7	12.0	29.7	11.2	26.6	24.7	27	19.3	29.3	29.9	25.7	B	42.2	11.2	21.1	6.1	Just Win Baby - Trade	12	2.6	4.0	QB	SEA	2013
10	10	Romo, Tony	337.7	22.51	26.4	20.3	29.0	28.8	53.5	9.8	13.4	23.9	27.3	6.6	B	19.1	19.0	21.2	20.4	19.0	Free Agent (P)	11	0.6	1.0	QB	DAL	2013
11	11	Moreno, Knowshon	331.2	22.08	10.8	29.3	7.9	20.5	31.8	36.9	15.4	27.8	B	20.9	14.8	41.9	21.5	26.2	10.1	15.4	davyhouse - Trade (Q)	9	1.0	1.0	RB	DEN	2013
12	12	Luck, Andrew	326.8	21.79	34.7	21.1	17.3	22.7	20.3	7.7	35.4	B	24.8	13.3	23	12	9.5	42.5	20.9	21.6	O'Keefe - Trade	8	4.8	3.0	QB	IND	2013
13	13	Lynch, Marshawn	325.3	21.69	11.1	40.6	11.8	24.2	17.1	36.7	22.1	4.8	25.3	32.4	30.2	B	10.9	17.2	27.7	13.2	Just Win Baby - Trade (P)	12	11.6	2.0	RB	SEA	2013
14	14	Roethlisberger, Ben	319.7	21.31	11.8	11.6	19.2	20.6	B	23.4	19.2	13.3	30.6	11	43	22.6	25.6	29.9	15.6	22.3	Free Agent	5	0.6	1.0	QB	PIT	2013
15	15	Smith, Alex	318.5	21.23	23.2	29.0	17.2	28.9	5.5	5.6	20.2	29.6	7.9	B	22.4	30.2	27.8	21.0	46.4	3.6	Free Agent	10	0.6	1.0	QB	KCC	2013
16	16	Foles, Nick	318.3	26.53		-0.6		8.4	21.5	40	0.4		66.4	32.1	27.2	B	32.5	19.8	40.8	29.8	Free Agent	12	0.6	1.0	QB	PHI	2013
17	17	Ryan, Matt	308.8	20.59	25.1	34.0	18.4	27.4	30.6	B	33.8	5.4	10	16.8	13.4	20.1	17.8	13.2	14.8	28.0	Free Agent	6	0.6	1.0	QB	ATL	2013
18	18	Peterson, Adrian	300.5	21.46	35.2	15.9	25.0	32.6	B	13.8	10.7	19.9	33.7	26.2	12.2	28.2	35.1	3.6		8.4	Plummer - Trade (P)	5	17.0	2.0	RB	MIN	2013
19	19	Stafford, Matthew	299.6	19.97	27.6	22.9	25.1	19.4	17.6	31.5	29.6	32.4	B	21	18.8	18.2	24.2	1.2	5.3	4.8	Free Agent	9	0.6	1.0	QB	DET	2013
20	20	Murray, DeMarco	292.9	22.53	23.0	14.8	37.0	16	14.7	15.4			10.3	20.7	B	19.4	36.6	25.1	29.4	30.5	Don - Trade	11	10.2	1.0	RB	DAL	2013
21	21	Lacy, Eddie	291.7	20.84	15.0	1.7		B	15.5	20.1	26.7	27	28.4	17.2	15.1	34.3	7.9	23.0	33.3	26.5	Don - Trade	4	4.4	2.0	RB	GBP	2013
22	22	Brady, Tom	289.5	19.3	16.2	9.4	23.4	27	0	15.3	0.4	9.2	44.6	B	20.8	33	28.2	26.4	24.4	11.2	Canavan - Trade	10	19.0	1.0	QB	NEP	2013
23	23	Johnson, Calvin	288.7	20.62	6.2	28.1	24.0	13.4		5	35	47.4	B	25.3	34.9	18	21.6	7.7	14.8	7.3	Plummer - Trade	9	13.6	2.0	WR	DET	2013
24	24	Kaepernick, Colin	288.3	19.22	42.1	2.2	0.7	19	9.5	17.2	24.7	32.6	B	1.3	15.5	32.3	22.6	13.0	28.1	27.5	Jim's Team - Trade	9	5.6	2.0	QB	SFO	2013
25	25	Gordon, Josh	287.2	22.09			31.0	11.1	18.1	19.8	3.6	22.7	8.1	B	22	41.7	45.6	30.2	15.2	18.1	Suburban Thugs (P)	10	2.0	2.0	WR	CLE	2013
26	26	Brown, Antonio	279.1	18.61	12.7	10.7	38.6	20	B	16.1	10	14.6	16.6	15.9	32.4	19.4	10.4	22.8	23.4	15.5	Jim's Team - Trade	5	10.0	1.0	WR	PIT	2013
27	27	Tannehill, Ryan	275.3	18.35	16.3	19.6	20.0	11.4	16.2	B	14.5	9.3	17.7	20.7	18	23.1	27.7	30.4	33.4	-3.0	Don - Trade	6	3.4	4.0	QB	MIA	2013
28	28	Thomas, Demaryius	271.7	18.11	32.1	9.2	16.9	28.1	9.7	10.3	17.2	18.5	B	34.3	16.6	13.1	13.6	20.3	8.0	23.8	Free Agent	9	0.6	1.0	WR	DEN	2013
29	29	Green, A.J.	270.5	18.03	35.2	8.1	14.1	10.1	10.6	19.8	26.5	14.5	22.3	27.6	1.7	B	17.8	17.7	17.3	27.2	Holmes Family Jules - Trade	12	5.0	1.0	WR	CIN	2013
30	30	Johnson, Chris	269.7	17.98	14.0	17.7	15.9	7.6	19	9.8	21.3	B	38.1	10.2	26.5	15.1	24.7	13.4	20.7	15.7	Free Agent (P)	8	0.6	1.0	RB	TEN	2013
31	31	Marshall, Brandon	267.1	17.81	21.9	22.8	8.2	15.9	11.5	28.2	12	B	23.2	31.4	7.7	25.7	8.5	17.5	20.0	12.6	Just Win Baby - Trade	8	11.6	2.0	WR	CHI	2013
32	32	Graham, Jimmy	266.4	17.76	14.0	31.9	32.9	25	21	0	B	17.2	29.6	9.9	9.6	19.5	12.7	21.8	4.5	16.8	Canavan - Trade	7	11.0	2.0	TE	NOS	2013
33	33	Jeffery, Alshon	265.8	17.72	8.2	5.5	10.1	25.6	36.3	5.9	17	B	16.3	20.3	17.1	8.3	46.1	19.1	16.9	13.1	Just Win Baby - Trade	8	2.0	3.0	WR	CHI	2013
34	34	Bush, Reggie	265.0	20.38	34.3	11.7		32.9	14	27.9	17.4	26.4	B	18.1	6.8	16.5	31.2		22.0	5.8	Free Agent	9	0.6	1.0	RB	DET	2013
35	35	Seahawks, Seattle	264.0	17.6	15.0	30.0	17.0	23	14	17	16	16	5	12	24	B	18.0	9.0	29.0	19.0	Suburban Thugs	12	3.2	1.0	Def	SEA	2013
36	36	Jackson, Fred	258.6	17.24	18.9	19.4	15.3	19.9	29.7	10.8	20.2	16.8	16.1	11.1	7.8	B	24.5	7.8	15.2	25.1	Free Agent	12	0.6	1.0	RB	BUF	2013
37	37	Chiefs, Kansas City	258.0	17.2	28.0	14.0	32.0	20	23	32	13	9	27	B	4	1	6.0	19.0	27.0	3.0	Free Agent	10	0.6	1.0	Def	KCC	2013
38	38	Mathews, Ryan	257.6	17.17	15.6	10.3	10.0	18.6	1.4	16.6	23.2	B	5.8	15.9	22.1	17.8	16.0	29.3	28.6	26.4	Canavan - Trade	8	2.6	1.0	RB	SDC	2013
39	39	Griffin III, Robert	257.5	19.81	24.0	30.7	13.9	16	B	11.4	34	0.9	15.8	37.8	23.8	6	33.2	10.0			Plummer - Trade	5	4.2	3.0	QB	WAS	2013
40	40	Gore, Frank	256.6	17.11	18.7	5.8	16.5	23.8	19	18.1	30.2	23	B	17	10.2	7	11.9	15.9	15.5	24.0	Jim's Team - Trade	9	6.0	2.0	RB	SFO	2013
41	41	Bryant, Dez	250.7	16.71	5.7	27.6	13.3	24.6	27.6	7.1	19	21.5	10.4	5.4	B	16.1	16.1	8.7	30.8	16.8	Free Agent	11	0.6	1.0	WR	DAL	2013
42	42	Jackson, DeSean	250.7	16.71	22.9	32.8	9.2	5.4	24.7	21.9	4.6	11.8	25	16.5	12.2	B	6.1	15.6	34.0	8.0	Free Agent	12	0.6	1.0	WR	PHI	2013
43	43	Decker, Eric	249.6	16.64	4.7	15.7	26.3	12.3	15.2	9	27.5	7.7	B	8.2	11.6	1.5	46.9	24.2	6.2	32.6	Suburban Thugs	9	5.2	1.0	WR	DEN	2013
44	44	Johnson, Andre	248.3	16.55	24.1	13.1	7.6	19	6.4	15.3	12.9	B	48.4	18.7	18.6	5.6	19.1	25.9	3.8	9.8	Free Agent	8	0.6	1.0	WR	HOU	2013
45	45	Bell, Le'Veon	246.6	20.55				27.1	B	10.8	15.7	17.7	22.1	23	17.9	18.9	28.3	15.0	25.5	24.6	O'Keefe - Trade	5	3.8	2.0	RB	PIT	2013
46	46	Palmer, Carson	241.1	16.07	21.0	11.8	-1.6	9.9	6.8	18.2	14.1	19.1	B	16.8	34	28.2	20.6	24.6	17.6	0.0	Free Agent	9	0.6	1.0	QB	ARI	2013
47	47	Panthers, Carolina	240.0	16.0	11.0	9.0	26.0	B	15	16	25	12	26	19	12	11	19.0	2.0	19.0	18.0	O'Keefe - Trade	4	0.6	1.0	Def	CAR	2013
48	48	Morris, Alfred	239.5	15.97	12.3	17.1	16.3	11.8	B	18.3	15.8	20.7	25.6	22.6	16.2	9	15.5	6.0	10.7	21.6	davyhouse - Trade	5	14.8	2.0	RB	WAS	2013
49	49	Bell, Joique	238.7	15.91	26.9	12.8	27.7	6.6	9.6	6.7	9.1	14.2	B	6.6	21	3.2	28.1	23.8	8.5	33.9	Free Agent (P)	9	0.6	1.0	RB	DET	2013
50	50	Garcon, Pierre	238.3	15.89	10.9	27.3	16.0	15.9	B	11.4	9.8	9.1	23.2	23.4	12.4	9.8	8.6	6.7	24.4	29.4	Jim's Team - Trade	5	4.6	1.0	WR	WAS	2013
51	51	Bernard, Giovani	236.5	15.77	4.3	21.1	21.4	13.5	9	24	10.8	4.7	27.7	24.3	14.1	B	12.4	22.7	15.2	11.3	Suburban Thugs	12	4.8	2.0	RB	CIN	2013
52	52	Stacy, Zac	233.5	17.96	0.6			0	12.6	15.6	22.1	22.6	41.2	20.5	B	20.6	12.5	12.8	28.9	23.5	Don - Trade	11	0.8	3.0	RB	STL	2013
53	53	Cardinals, Arizona	233.0	15.53	13.0	12.0	7.0	18	30	8	9	22	B	16	14	16	7.0	26.0	18.0	17.0	Free Agent	9	0.6	1.0	Def	ARI	2013
54	54	49ers, San Francisco	227.0	15.13	8.0	10.0	2.0	17	28	20	20	16	B	16	12	17	12.0	12.0	22.0	15.0	Free Agent	9	0.6	1.0	Def	SFO	2013
55	55	Bengals, Cincinnati	227.0	15.13	5.0	15.0	24.0	10	18	10	4	29	12	18	30	B	18.0	0.0	6.0	28.0	Don - Trade	12	1.6	1.0	Def	CIN	2013
56	56	Jones-Drew, Maurice	226.0	16.14	9.0	6.3	19.0	5.9	15.5	19.4	9.9	23.5	B	21.1	14.8	28.7	21.8	17.6		13.5	Holmes Family Jules - Trade	9	8.0	1.0	RB	JAC	2013
57	57	Nelson, Jordy	222.8	14.85	25.0	20.6	15.3	B	12.7	20.3	14.2	29.3	10.2	9.6	18.2	9.3	3.4	12.0	15.6	7.1	Ryan - Trade	4	5.4	2.0	WR	GBP	2013
58	58	Jackson, Vincent	222.6	14.84	22.4	12.2	6.4	4.7	B	29.9	33.3	12.4	2.6	5.3	30.5	7.6	9.7	15.5	15.3	14.8	Free Agent	5	0.6	1.0	WR	TBB	2013
59	59	Rams, St. Louis	222.0	14.8	15.0	4.0	4.0	8	21	35	7	13	10	31	B	19	9.0	7.0	20.0	19.0	Free Agent	11	0.6	1.0	Def	STL	2013
60	60	Flacco, Joe	219.8	14.65	17.2	18.0	8.4	5.8	9.6	23	21	B	25	7.6	8.6	15.2	21.0	21.7	7.7	10.0	Free Agent	8	0.6	1.0	QB	BAL	2013
61	61	Woodhead, Danny	216.6	14.44	3.1	14.2	12.6	25.6	17.3	14.6	19.9	B	18.2	14.6	6.2	23.7	6.9	20.8	7.5	11.4	Free Agent	8	0.6	1.0	RB	SDC	2013
62	62	Thomas, Pierre	214.4	14.29	10.7	9.3	13.9	7.6	29.9	9.2	B	16.2	16.7	32.5	15.1	21	4.9	6.2	15.9	5.3	Free Agent	7	0.6	1.0	RB	NOS	2013
63	63	Edelman, Julian	210.6	14.04	24.4	16.9	8.9	17.8	6.9	9.7	7.9	1.7	1.6	B	4.7	29.5	18.1	18.9	29.9	13.7	Free Agent	10	0.6	1.0	WR	NEP	2013
64	64	Jennings, Rashad	205.8	14.7	1.1	5.2	3.0	19.9	7.1	3.9	B	1.2	34.1	18.2	27.9	19.9	21.2		30.9	12.2	Free Agent	7	0.6	1.0	RB	OAK	2013
65	65	Rodgers, Aaron	205.2	25.65	29.2	52.6	13.3	B	21.1	17	34.3	35.8	1.9								Free Agent	4	0.6	1.0	QB	GBP	2013
66	66	Patriots, New England	204.0	13.6	12.0	23.0	15.0	7	16	8	15	22	14	B	5	16	4.0	2.0	9.0	36.0	Canavan - Trade	10	2.0	1.0	Def	NEP	2013
67	67	Boldin, Anquan	202.2	13.48	37.3	1.7	10.7	18.5	4.1	5.3	11.4	9.6	B	3.8	17.1	25.4	17.3	14.8	7.5	17.7	Just Win Baby - Trade	9	1.6	2.0	WR	SFO	2013
68	68	Bills, Buffalo	202.0	13.47	19.0	11.0	7.0	23	7	7	20	4	9	9	28	B	9.0	8.0	18.0	23.0	Free Agent	12	0.6	1.0	Def	BUF	2013
69	69	Fitzpatrick, Ryan	197.8	19.78				8.8	19.4	5.9		B		29.5	23.9	33.7	15.8	9.5	38.5	12.8	Free Agent	8	0.6	1.0	QB	TEN	2013
70	70	Williams, DeAngelo	197.3	14.09	13.4	14.9	20.1	B	11.3	19.6	11.4	14.2	9.5	12.2	4.7	9.2		10.9	29.8	16.1	Free Agent	4	0.6	1.0	RB	CAR	2013
71	71	Fitzgerald, Larry	197.2	13.15	26.5	5.3	10.9	16.8	6.8	19.3	3.2	13.8	B	3.8	16.1	20.2	16.7	24.6	9.4	3.8	Don - Trade (P)	9	9.0	1.0	WR	ARI	2013
72	72	Eagles, Philadelphia	197.0	13.13	19.0	7.0	9.0	1	16	9	13	15	13	13	15	B	17.0	18.0	6.0	26.0	Free Agent	12	0.6	1.0	Def	PHI	2013
73	73	Rice, Ray	195.5	13.96	20.5	6.6		2.7	28.6	10.2	14.2	B	8.5	12.7	30.3	7.2	13.4	19.3	10.8	10.5	O'Keefe - Trade	8	19.0	1.0	RB	BAL	2013
74	74	Allen, Keenan	193.1	13.79		5.4	0.5	12.5	22.5	23.7	9.7	B	26.3	7.6	7	19.9	14.6	19.9	15.9	7.6	davyhouse - Trade	8	1.2	4.0	WR	SDC	2013
75	75	Gonzalez, Tony	192.8	12.85	12.1	6.8	5.9	35.9	18.2	B	5	5.1	19.1	5.4	13.3	7.3	13.2	10.5	16.7	18.3	Free Agent	6	0.6	1.0	TE	ATL	2013
76	76	Buccaneers, Tampa Bay	192.0	12.8	16.0	21.0	8.0	16	B	4	5	3	10	12	20	28	7.0	30.0	3.0	9.0	Free Agent	5	0.6	1.0	Def	TBB	2013
77	77	Cutler, Jay	191.3	19.13	22.0	26.8	16.6	16.5	31.9	27.9	-3.8	B		10					28.2	15.2	Free Agent	8	0.6	1.0	QB	CHI	2013
78	78	Welker, Wes	190.8	14.68	22.2	12.4	19.4	24.1	14.4	16.3	16.1	19.6	B	4.6	12.7	6.1	6.3	16.6			Jim's Team - Trade	9	7.6	1.0	WR	DEN	2013
79	79	Thomas, Julius	190.2	14.63	26.5	14.2	12.2	7.8	30.7	10.7	13.6	4.9	B	18.1	12.8			12.5	7.9	18.3	Free Agent	9	0.6	1.0	TE	DEN	2013
80	80	Smith, Torrey	188.6	12.57	13.2	14.0	12.7	27.1	18.1	2.2	8.6	B	12.3	14.6	12.2	9.4	19.8	4.1	10.4	9.9	Free Agent	8	0.6	1.0	WR	BAL	2013
81	81	Mendenhall, Rashard	188.5	13.46	11.1	22.4	7.4	4.8	16.4	8.2	11.3		B	6.7	13.6	18.4	14.2	14.5	26.5	13.0	Free Agent	9	0.6	1.0	RB	ARI	2013
82	82	Dolphins, Miami	188.0	12.53	22.0	10.0	8.0	5	15	B	12	7	30	9	11	12	22.0	9.0	8.0	8.0	Free Agent	6	0.6	1.0	Def	MIA	2013
83	83	Colts, Indianapolis	187.0	12.47	12.0	10.0	17.0	28	11	6	16	B	3	7	6	5	19.0	0.0	22.0	25.0	Free Agent	8	0.6	1.0	Def	IND	2013
84	84	Davis, Vernon	184.0	13.14	25.8	4.0		8.8	17.3	35.5	9.7	13.7	B	0.7	11.3	13	17.7	9.6	16.9	0.0	Just Win Baby - Trade	9	1.8	1.0	TE	SFO	2013
85	85	Ellington, Andre	183.4	13.1	2.3	15.5	8.6	8.9	14.2	20.6	3.9	28.2	B	12	5.1	12.1		16.5	23.3	12.2	Free Agent	9	0.6	1.0	RB	ARI	2013
86	86	Wright, Kendall	183.4	12.23	2.1	15.9	11.6	9.6	12.4	11.4	16.3	B	9.4	13.3	14	21.3	12.2	3.2	25.0	5.7	Just Win Baby - Trade	8	3.2	2.0	WR	TEN	2013
87	87	Cameron, Jordan	183.3	13.09	23.3	13.5	28.6	22.1	6.1	9.9	16.5	12.1	0.9	B	6.4	5.7	7.3	26.6	4.3		davyhouse - Trade	10	1.0	2.0	TE	CLE	2013
88	88	Hartline, Brian	182.3	12.15	23.9	10.8	14.6	6.4	9	B	11.9	6.7	5.9	9.7	11.5	12.3	26.7	14.6	11.5	6.8	Holmes Family Jules - Trade	6	1.0	2.0	WR	MIA	2013
89	89	Cowboys, Dallas	181.0	12.07	33.0	11.0	17.0	10	6	14	21	13	16	4	B	14	11.0	1.0	5.0	5.0	Free Agent	11	0.6	1.0	Def	DAL	2013
90	90	McCown, Josh	179.1	22.39							21.1	B	22.9	9	15.4	28.6	27.6	53.9		0.6	Free Agent	8	0.6	1.0	QB	CHI	2013
91	91	Tate, Ben	178.0	12.71	10.0	14.9	8.6	4.4	3.4	12.8	11	B	15	11.9	19	7.6	33.6	10.4	15.4		Free Agent (P)	8	0.6	1.0	RB	HOU	2013
92	92	Cruz, Victor	177.8	12.7	32.8	18.3	4.5	29.9	8.8	10.8	9.5	13.6	B	6.2	17	1.2	13.0	8.2	4.0		Jim's Team - Trade	9	8.6	1.0	WR	NYG	2013
93	93	Hilton, T.Y.	176.8	11.79	4.0	17.9	2.3	9	30	8.3	4.2	B	35.1	19	7.9	7.3	8.1	1.7	13.3	8.7	davyhouse - Trade	8	4.0	2.0	WR	IND	2013
94	94	Floyd, Michael	176.3	11.75	11.7	4.2	7.9	13.2	10.1	13.4	11.6	11	B	5.1	30.8	17.4	20.4	4.6	5.3	9.6	O'Keefe - Trade	9	3.6	2.0	WR	ARI	2013
95	95	Giants, New York	176.0	11.73	7.0	3.0	7.0	12	1	4	20	23	B	18	21	12	13.0	5.0	9.0	21.0	Free Agent	9	0.6	1.0	Def	NYG	2013
96	96	Colston, Marques	175.1	12.51	16.3	9.8	11.6	15.1	3	2.1	B	3.3		23.2	12.5	7.5	5.7	32.0	22.7	10.3	O'Keefe - Trade	7	4.4	1.0	WR	NOS	2013
97	97	Smith, Geno	174.4	11.63	18.8	-3.8	26.0	9.8	33	2	20.8	3.4	10.7	B	-13.6	-1.7	-3.6	25.6	14.9	32.1	Free Agent	10	0.6	1.0	QB	NYJ	2013
98	98	Bears, Chicago	174.0	11.6	13.0	21.0	32.0	10	2	19	4	B	12	6	19	2	10.0	2.0	17.0	5.0	Jim's Team - Trade	8	2.0	1.0	Def	CHI	2013
99	99	Glennon, Mike	173.8	14.48				3.2	B	23.1	20.8	17.2	24.4	7.6	28	24	3.3	3.8	13.6	4.8	Free Agent	5	0.6	1.0	QB	TBB	2013
100	100	Wallace, Mike	172.9	11.53	2.5	25.0	3.7	4.9	15.5	B	13.5	8.1	12.7	4	7.4	22.2	19.7	3.9	23.0	6.8	Free Agent	6	0.6	1.0	WR	MIA	2013
101	101	Broncos, Denver	171.0	11.4	13.0	15.0	6.0	9	10	14	5	30	B	8	11	18	6.0	8.0	3.0	15.0	davyhouse - Trade	9	1.4	1.0	Def	DEN	2013
102	102	Richardson, Trent	169.7	11.31	12.8	15.0	12.1	19.1	11.2	9.3	4.5	B	8.9	6.5	9.9	6	3.4	15.0	24.0	12.0	Don - Trade	8	5.0	1.0	RB	IND	2013
103	103	Spiller, C.J.	169.7	12.12	8.4	19.4	4.0	13.3	14.2	10.1	4.3		21.4	6.5	5.2	B	26.7	7.5	11.9	16.8	Ryan - Trade	12	3.2	1.0	RB	BUF	2013
104	104	Green-Ellis, BenJarvus	169.5	11.3	13.2	15.9	8.4	3	18.5	14.7	4.9	6	12.9	5.9	10.4	B	20.0	20.7	1.7	13.3	Free Agent	12	0.6	1.0	RB	CIN	2013
105	105	Henne, Chad	169.0	12.07	0.8	19.6	0.0		9	8.7	12.8	17.3	B	1.8	12	14.1	14.8	17.0	18.8	22.3	Free Agent	9	0.6	1.0	QB	JAC	2013
106	106	Raiders, Oakland	168.0	11.2	7.0	12.0	7.0	11	30	11	B	15	2	23	13	6	11.0	4.0	5.0	11.0	Free Agent	7	0.6	1.0	Def	OAK	2013
107	107	Ravens, Baltimore	168.0	11.2	9.0	13.0	19.0	13	11	13	10	B	7	19	7	21	4.0	4.0	15.0	3.0	Free Agent	8	0.6	1.0	Def	BAL	2013
108	108	Titans, Tennessee	168.0	11.2	19.0	14.0	12.0	29	12	18	4	B	11	13	1	10	11.0	0.0	2.0	12.0	Free Agent	8	0.6	1.0	Def	TEN	2013
109	109	Cooper, Riley	167.4	11.16	2.4	9.5	4.9	4	0	21.5	14.3	2.8	36.7	24.2	6.2	B	7.3	11.9	7.9	13.8	Free Agent	12	0.6	1.0	WR	PHI	2013
110	110	Douglas, Harry	165.9	11.06	13.3	7.8	-1.6	10.8	1.6	B	25.9	21.6	11.2	5.9	23.4	14.9	11.8	3.5	7.7	8.1	Free Agent	6	0.6	1.0	WR	ATL	2013
111	111	Powell, Bilal	165.2	11.01	12.3	18.1	24.7	17.1	8.6	10.8	1.2	9.4	4.7	B	5.3	12.2	10.3	7.4	10.2	12.9	Free Agent	10	0.6	1.0	RB	NYJ	2013
112	112	Witten, Jason	165.1	11.01	24.5	3.2	10.7	7.3	24.6	4.7	7.8	3	22.2	4.2	B	18.2	8.3	7.5	16.1	2.8	Free Agent	11	0.6	1.0	TE	DAL	2013
113	113	Saints, New Orleans	165.0	11.0	14.0	15.0	18.0	21	10	8	B	18	3	8	10	14	2.0	11.0	1.0	12.0	Free Agent	7	0.6	1.0	Def	NOS	2013
114	114	Manning, Eli	163.5	10.9	36.0	7.0	1.9	3.5	9	4.8	15.2	11.6	B	8	18.5	16.8	18.2	11.0	-9.4	11.4	Free Agent (P)	9	0.6	1.0	QB	NYG	2013
115	115	Jones, Marvin	163.1	10.87	3.3	6.0	11.8	0	6.9	19.7	15.2	41.7	9.6	2.1	1.6	B	2.2	14.2	13.8	15.0	Free Agent	12	0.6	1.0	WR	CIN	2013
116	116	Clay, Charles	162.8	10.85	9.4	20.7	6.5	14.2	13.2	B	7.2	8	6.2	5	19.5	5.2	13.7	26.7	1.6	5.7	Free Agent	6	0.6	1.0	TE	MIA	2013
117	117	Jackson, Steven	160.9	14.63	18.9	7.9				B		5	12.7	5.3	11.7	20.1	26.5	14.5	22.3	16.0	Free Agent	6	0.6	1.0	RB	ATL	2013
118	118	Ridley, Stevan	159.8	12.29	4.4	7.2	8.0	12.1		30	15.5	18.2	31.6	B	10.9	-0.8		6.8	6.5	9.4	O'Keefe - Trade	10	1.25	1.0	RB	NEP	2013
119	119	Sanders, Emmanuel	159.6	10.64	10.2	11.3	6.9	9.2	B	15	1.2	21.8	14.3	7	0.7	16.2	14.3	16.0	7.8	7.7	Holmes Family Jules - Trade	5	2.4	1.0	WR	PIT	2013
120	120	Olsen, Greg	159.4	10.63	9.1	19.9	8.4	B	12.4	3.9	7.2	10.1	15.6	2.4	15.2	12.9	13.0	9.0	13.8	6.5	O'Keefe - Trade	4	2.0	2.0	TE	CAR	2013
121	121	Redskins, Washington	158.0	10.53	15.0	7.0	11.0	30	B	6	11	20	12	4	5	6	8.0	3.0	10.0	10.0	Free Agent	5	0.6	1.0	Def	WAS	2013
122	122	Packers, Green Bay	157.0	10.47	2.0	8.0	25.0	B	12	13	12	5	4	7	11	10	19.0	13.0	9.0	7.0	Free Agent	4	0.6	1.0	Def	GBP	2013
123	123	Sproles, Darren	156.5	11.18	17.6	11.1	10.2	29.5	7.2	13.3	B	2	0.7	23.8	6.1		9.4	8.8	13.1	3.7	Free Agent	7	0.6	1.0	RB	NOS	2013
124	124	Manuel, E.J.	155.8	15.58	23.2	19.5	17.1	3.2	6.1					10.9	28.3	B	20.8	-2.2	28.9		O'Keefe - Trade	12	3.0	5.0	QB	BUF	2013
125	125	Steelers, Pittsburgh	155.0	10.33	9.0	4.0	5.0	1	B	17	6	14	6	13	12	29	5.0	11.0	8.0	15.0	Free Agent	5	0.6	1.0	Def	PIT	2013
126	126	Gates, Antonio	154.6	10.31	6.9	16.9	15.5	26.6	13.4	5.8	6.6	B	10.3	9.7	14.2	4.1	4.6	8.5	4.3	7.2	Free Agent	8	0.6	1.0	TE	SDC	2013
127	127	Brown, Donald	154.4	10.29	0.0	4.9	3.6	10.2	12.7	6	11.2	B	7.1	16.3	26.7	1	17.2	6.2	5.3	26.0	Free Agent	8	0.6	1.0	RB	IND	2013
128	128	Browns, Cleveland	153.0	10.2	9.0	11.0	16.0	16	15	4	1	8	15	B	13	4	5.0	11.0	23.0	2.0	Free Agent	10	0.6	1.0	Def	CLE	2013
129	129	Ivory, Chris	153.0	10.93	4.0	8.6	1.3		4	2.4	20.7	2.8	25.5	B	19.8	6.3	11.7	18.2	9.8	17.9	Free Agent (P)	10	0.6	1.0	RB	NYJ	2013
130	130	Lions, Detroit	153.0	10.2	17.0	11.0	14.0	21	4	13	2	0	B	9	1	9	28.0	3.0	5.0	16.0	Free Agent	9	0.6	1.0	Def	DET	2013
131	131	Washington, Nate	153.0	10.2	8.1	7.5	20.6	25	5.5	2.5	8.7	B	0	5.4	7.3	8	12.6	3.9	15.2	22.7	Free Agent	8	0.6	1.0	WR	TEN	2013
132	132	Smith, Steve	150.5	10.03	15.6	9.2	7.0	B	10	11.1	16.9	6.7	8.7	11.3	9.7	11.9	8.1	14.9	4.0	5.4	Free Agent	4	0.6	1.0	WR	CAR	2013
133	133	Bennett, Martellus	150.4	10.03	13.4	25.1	2.0	14.5	10.1	12.3	7.2	B	6.1	5.9	6.3	15.7	2.4	7.8	8.6	13.0	Jim's Team - Trade	8	2.2	1.0	TE	CHI	2013
134	134	Chargers, San Diego	150.0	10.0	7.0	2.0	6.0	12	8	11	17	B	13	5	11	9	11.0	17.0	8.0	13.0	Free Agent	8	0.6	1.0	Def	SDC	2013
135	135	Baldwin, Doug	149.3	9.95	15.6	6.1	10.0	6.4	12	7.8	2.6	2.2	18.5	11.6	13.8	B	17.2	6.6	17.6	1.3	Free Agent	12	0.6	1.0	WR	SEA	2013
136	136	Tate, Golden	148.2	9.88	8.1	2.9	17.1	3.7	15.6	6.8	11.2	24.3	4.9	21.6	3.6	B	8.0	11.0	4.5	4.9	Free Agent	12	0.6	1.0	WR	SEA	2013
137	137	Miller, Lamar	147.7	9.85	3.5	18.3	9.0	16.5	2.9	B	8.5	19.8	17.1	3.5	6	9.7	15.4	5.5	10.6	1.4	davyhouse - Trade	6	2.6	2.0	RB	MIA	2013
138	138	Shorts, Cecil	147.7	11.36	6.5	15.8	21.3	11.6	17.9	0	13.5	12.9	B	6.2	4.2	13.1	16.4	8.3			Don - Trade (P)	9	2.2	2.0	WR	JAC	2013
139	139	Rodgers, Jacquizz	147.4	9.83	1.2	9.7	16.9	14.7	22.6	B	24.3	3.3	5.9	11	6.2	5.9	4.6	9.1	7.4	4.6	Suburban Thugs	6	1.4	1.0	RB	ATL	2013
140	140	Bradford, Sam	146.8	20.97	27.5	31.6	15.8	3	26.8	25.6	16.5				B						Free Agent (P)	11	0.6	1.0	QB	STL	2013
141	141	Jennings, Greg	146.0	10.43	5.3	12.9	6.8	22.7	B	7.4	7.1	1.4	10.6	4.3		4.9	18.8	8.8	29.8	5.2	Free Agent	5	0.6	1.0	WR	MIN	2013
142	142	Cotchery, Jerricho	145.9	9.73	12.9	9.1	8.2	20.3	B	0	6.6	6.9	33.1	10.6	12.8	0	8.1	15.2	0.7	1.4	Free Agent	5	0.6	1.0	WR	PIT	2013
143	143	Streater, Rod	145.4	9.69	12.1	6.7	6.2	3.3	13.6	7.6	B	8	13.3	1.1	19.4	11.3	8.7	24.5	8.9	0.7	Free Agent	7	0.6	1.0	WR	OAK	2013
144	144	Jaguars, Jacksonville	145.0	9.67	9.0	10.0	8.0	5	3	15	3	3	B	23	4	13	15.0	13.0	11.0	10.0	Free Agent	9	0.6	1.0	Def	JAC	2013
145	145	Bowe, Dwayne	142.8	9.52	6.0	14.6	1.4	14.3	7	7.6	10.6	1.2	13.2	B	15.2	14.6	8.1	16.5	4.4	8.1	Free Agent	10	0.6	1.0	WR	KCC	2013
146	146	Pryor, Terrelle	142.1	14.21	26.5	13.4	24.3		31.3	12.2	B	14.4	16.2	4.1				1.3	-1.6		Free Agent	7	0.6	1.0	QB	OAK	2013
147	147	Tolbert, Mike	140.5	9.37	2.8	8.5	10.6	B	6.3	21.3	13.7	17.8	13.4	4.7	3.4	4.6	14.7	5.0	11.9	1.8	Free Agent	4	0.6	1.0	RB	CAR	2013
148	148	Foster, Arian	139.4	17.43	17.1	23.3	9.8	35.5	21.5	29.8	2.4	B	0								Just Win Baby - Trade	8	16.6	1.0	RB	HOU	2013
149	149	Rainey, Bobby	135.2	9.01	0.0	0.0	3.4	5.1	B	0.2		0	0	14.7	44.6	7.6	13.5	25.1	6.7	12.6	Free Agent	5	0.6	1.0	RB	TBB	2013
150	150	Royal, Eddie	133.3	9.52	16.4	31.5	4.9	6.7	2.6	0.6	15.9	B	14.6	5.1	3.5	12.2		2.8	7.6	8.9	Free Agent	8	0.6	1.0	WR	SDC	2013
151	151	LaFell, Brandon	132.6	8.84	0.0	3.8	19.3	B	8.2	20.3	6	4.3	12.4	8.3	16.4	5.1	11.6	4.2	10.4	2.3	Free Agent	4	0.6	1.0	WR	CAR	2013
152	152	Jets, New York	132.0	8.8	17.0	7.0	12.0	2	7	8	17	4	12	B	1	11	6.0	9.0	4.0	15.0	Free Agent	10	0.6	1.0	Def	NYJ	2013
153	153	Jones, James	131.6	10.12	0.0	23.3	11.9	B	21.7	2			2.7	7.4	7.5	13	10.4	4.4	12.9	14.4	Free Agent (P)	4	0.6	1.0	WR	GBP	2013
154	154	Gostkowski, Stephen	131.0	8.73	11.0	4.5	13.0	11.5	5	11.5	8.5	8.5	7.5	B	7	8	12.0	7.5	5.0	10.5	Don - Trade	10	1.4	1.0	PK	NEP	2013
155	155	Williams, Terrance	131.0	8.73	5.2	5.0	0.0	10.1	26.5	10.2	17.6	14.1	4.8	8.6	B	2	1.8	5.6	7.6	11.9	Holmes Family Jules - Trade	11	0.6	4.0	WR	DAL	2013
156	156	Walker, Delanie	130.2	9.3	6.0	7.5	8.9	8.9	7.3	5.4	13.2	B	2.3	15.2	22.1	8.6	1.5		16.8	6.5	Free Agent	8	0.6	1.0	TE	TEN	2013
157	157	Nicks, Hakeem	129.6	9.26	15.9	12.3	0.0	5.8	21.7	11	4.8	10.1	B	7.9	7.5		5.4	17.5	1.0	8.7	Free Agent	9	0.6	1.0	WR	NYG	2013
158	158	Tucker, Justin	129.0	8.6	5.5	1.0	11.5	6	15	3	10.5	B	5.5	8	8	12.5	18.5	1.5	22.0	0.5	Free Agent	8	0.6	1.0	PK	BAL	2013
159	159	Moore, Denarius	128.2	10.68	14.3	0.0	22.9	10.1	18.9	18.7	B	5.2	12.7	7	8.1				6.6	3.7	Free Agent	7	0.6	1.0	WR	OAK	2013
160	160	Patterson, Cordarrelle	128.2	8.55	2.0	8.9	7.1	1.4	B	1.3	4.6	10.1	2.8	9.7	5.3	10.4	10.0	24.4	15.4	14.8	Plummer - Trade	5	3.4	3.0	WR	MIN	2013
161	161	Ponder, Christian	127.2	14.13	7.1	14.0	21.9		B			18	22.4	22.4	2.8	18.8	-0.2				Free Agent	5	0.6	1.0	QB	MIN	2013
162	162	Hopkins, DeAndre	126.2	8.41	11.1	24.2	10.5	4.2	3.8	4.2	15.6	B	8.4	12.4	1.2	1.3	9.7	10.6	7.2	1.8	Suburban Thugs	8	4.2	3.0	WR	HOU	2013
163	163	Randle, Rueben	125.6	8.37	15.1	2.9	6.0	1.2	26.1	16	9	0	B	13.5	11.7	9.4	3.5	4.2	0.0	7.0	Plummer - Trade	9	1.2	3.0	WR	NYG	2013
164	164	Fleener, Coby	125.3	8.35	1.2	15.9	2.8	18.2	3.5	3.1	12.8	B	10.9	7.8	17.2	15	8.0	7.1	0.0	1.8	Suburban Thugs	8	3.0	2.0	TE	IND	2013
165	165	Falcons, Atlanta	125.0	8.33	7.0	11.0	12.0	0	4	B	14	7	8	1	2	6	6.0	20.0	23.0	4.0	Free Agent	6	0.6	1.0	Def	ATL	2013
166	166	Blount, LeGarrette	124.9	8.33	3.4	1.9	10.8	14.7	5	2.3	0.6	7.8	12.7	B	7.9	-1.3	13.3	11.5	10.0	24.3	Free Agent	10	0.6	1.0	RB	NEP	2013
167	167	Boykin, Jarrett	124.3	8.29	0.0	0.0	0.0	B	0	5.3	21.8	13.9	2.5	17.7	13.6	16	0.0	4.3	13.3	15.9	Free Agent	4	0.6	1.0	WR	GBP	2013
168	168	Ball, Montee	123.6	8.24	4.5	5.5	6.8	4.5	0.3	3.1	0	12.7	B	4	20.2	7.6	18.2	21.2	10.0	5.0	davyhouse - Trade	9	4.6	2.0	RB	DEN	2013
169	169	Brown, Andre	122.6	17.51									B	28.4	16.9	25.5	22.1	14.3	7.3	8.1	Canavan - Trade	9	1.6	1.0	RB	NYG	2013
170	170	Vereen, Shane	121.9	17.41	25.7									B	14.9	17.6	20.0	31.3	4.5	7.9	Ryan - Trade	10	2.4	2.0	RB	NEP	2013
171	171	Cook, Jared	121.6	8.11	28.1	1.5	8.4	7.5	5.1	6.5	6.3	5.1	12.1	2.7	B	17.5	7.4	7.4	1.3	4.7	Free Agent	11	0.6	1.0	TE	STL	2013
172	172	Vinatieri, Adam	121.5	8.68	1.5	6.0	9.5	10	9	11	13	B	5.5		11.5	2	19.5	2.0	11.0	10.0	Free Agent	8	0.6	1.0	PK	IND	2013
173	173	Thomas, Daniel	120.7	8.05	10.0	7.6	11.7	1.9	2.6	B	9.9	14.5	8.1	0.8	15.4	2.6	0.0	22.1	9.3	4.2	Free Agent	6	0.6	1.0	RB	MIA	2013
174	174	Vikings, Minnesota	120.0	8.0	6.0	21.0	15.0	12	B	1	7	2	10	5	1	3	11.0	14.0	7.0	5.0	Free Agent	5	0.6	1.0	Def	MIN	2013
175	175	Brown, Marlon	119.6	9.2	16.0	13.5	1.6	11.9		9.8	4.2	B	22.4	2		0.6	2.2	20.7	6.1	8.6	Free Agent	8	0.6	1.0	WR	BAL	2013
176	176	Locker, Jake	119.6	17.09	5.8	18.7	33.9	30.2			26.4	B	8.8	-4.2							Canavan - Trade (Q)	8	2.5	3.0	QB	TEN	2013
177	177	Johnson, Stevie	119.5	9.96	11.9	23.1	15.1	0.5	3.9		10.6	18.7	8.8	7.3		B	7.0	11.7	0.9		Free Agent	12	0.6	1.0	WR	BUF	2013
178	178	Austin, Tavon	118.7	9.13	8.3	21.9	7.5	1.6	5.2	1.3	3.9	2.4	0.8	33.4	B	18.1	6.6	7.7			Suburban Thugs	11	5.0	3.0	WR	STL	2013
179	179	Amendola, Danny	118.2	10.75	19.9				9	1.3		4	21.7	B	9	3.2	8.9	13.1	21.6	6.5	Free Agent	10	0.6	1.0	WR	NEP	2013
180	180	Graham, Garrett	116.5	8.96	11.2	11.0	0.0	16.9	3.5	4	5.8	B	7.6	3.8	22.1	5.7	5.6	19.3			Free Agent	8	0.6	1.0	TE	HOU	2013
181	181	Gronkowski, Rob	116.2	16.6							18.4	4.2	28.3	B	15.4	21	23.7	5.2			Plummer - Trade (Q)	10	10.6	1.0	TE	NEP	2013
182	182	McFadden, Darren	116.0	12.89	19.0	20.5	16.3	4.4		14	B	27.1	3.5				2.3			8.9	Holmes Family Jules - Trade	7	8.8	1.0	RB	OAK	2013
183	183	Hauschka, Steven	115.5	7.7	5.0	6.5	5.0	12	16	6	11	1	6.5	17.5	8.5	B	5.0	4.0	11.0	0.5	Free Agent	12	0.6	1.0	PK	SEA	2013
184	184	Simpson, Jerome	114.7	7.65	20.5	6.9	4.9	18.4	B	6	5.7	2.8	4.4	8	0.6	7.4	10.6	14.3	2.9	1.3	Free Agent	5	0.6	1.0	WR	MIN	2013
185	185	White, Roddy	114.5	8.81	3.4	4.1	3.1	5.3	7.5	B		0		3	8.6	3.9	21.8	13.9	8.8	31.1	Free Agent	6	0.6	1.0	WR	ATL	2013
186	186	Folk, Nick	113.5	7.57	10.5	3.5	8.5	8.5	10.5	5	11.5	12	14	B	1	2	1.0	13.0	9.0	3.5	Free Agent	10	0.6	1.0	PK	NYJ	2013
187	187	Prater, Matt	113.5	7.57	3.5	10.5	14.0	8.5	13	2.5	8.5	4	B	2	9.5	4	2.5	12.0	8.0	11.0	Free Agent	9	0.6	1.0	PK	DEN	2013
188	188	Campbell, Jason	113.4	12.6	0.0	-1.2						26.3	33.7	B	0.2	2.8		40.3	12.8	-1.5	Free Agent	10	0.6	1.0	QB	CLE	2013
189	189	Vick, Michael	113.1	16.16	31.2	41.8	12.2	14.8	13.6			-0.9				B				0.4	Free Agent	12	0.6	1.0	QB	PHI	2013
190	190	Cassel, Matt	112.5	14.06				23.7	B	16.3				2.4	3.2		13.0	17.8	38.2	-2.1	Free Agent	5	0.6	1.0	QB	MIN	2013
191	191	Novak, Nick	112.5	7.5	2.0	16.5	5.0	10.5	4	13.5	2.5	B	2.5	6	8.5	6.5	4.5	11.0	7.5	12.0	Free Agent	8	0.6	1.0	PK	SDC	2013
192	192	Schaub, Matt	111.5	12.39	35.8	21.0	8.6	22.5	-4.2	9.8		B			3.2			11.3		3.5	Free Agent	8	0.6	1.0	QB	HOU	2013
193	193	Reece, Marcel	111.4	7.43	1.4	7.9	13.0	0.5	9.1	1.4	B	2.6	3.9	5	4.6	15.8	1.5	28.9	10.7	5.1	Free Agent	7	0.6	1.0	RB	OAK	2013
194	194	Dawson, Phil	111.0	7.4	7.0	2.0	0.5	2.5	7	10.5	6	3	B	11	8	7.5	10.0	13.5	14.5	8.0	Free Agent	9	0.6	1.0	PK	SFO	2013
195	195	Texans, Houston	111.0	7.4	11.0	12.0	7.0	16	2	2	13	B	7	14	2	12	4.0	2.0	6.0	1.0	Free Agent	8	0.6	1.0	Def	HOU	2013
196	196	Wright, Tim	110.8	7.39	0.0	0.0	1.6	8.1	B	15.1	3.5	13.8	14.8	2.9	2.3	13	2.7	9.6	18.2	5.2	Free Agent	5	0.6	1.0	TE	TBB	2013
197	197	Ginn Jr., Ted	110.5	7.37	2.0	14.2	17.4	B	11.3	3.9	4.9	12	2	3.9	9	2.6	12.2	1.5	4.1	9.5	Free Agent	4	0.6	1.0	WR	CAR	2013
198	198	Helu, Roy	110.2	7.35	3.3	0.7	6.0	19.5	B	11.9	25.8	5.5	4.3	5.5	8.1	6.2	8.3	1.4	2.0	1.7	Plummer - Trade	5	0.6	2.0	RB	WAS	2013
199	199	Ogbonnaya, Chris	109.9	7.33	1.5	3.4	8.7	15.8	1.2	21	3.3	5.3	7.4	B	13.5	3.9	7.3	6.1	9.6	1.9	Free Agent	10	0.6	1.0	RB	CLE	2013
200	200	Myers, Brandon	109.3	7.29	17.6	11.4	5.8	0	5.5	0	3.5	6.7	B	0	5.2	11.9	16.1	10.6	6.7	8.3	Free Agent	9	0.6	1.0	TE	NYG	2013
201	201	Woods, Robert	109.0	8.38	8.3	12.8	5.0	19	10.4	2.4	4.4	1.2	7.9			B	5.4	4.0	18.7	9.5	O'Keefe - Trade (P)	12	1.0	4.0	WR	BUF	2013
202	202	Crosby, Mason	108.5	7.23	2.0	4.5	8.5	B	18.5	14.5	4	9.5	5	5.5	7.5	4	5.5	8.5	7.0	4.0	Free Agent	4	0.6	1.0	PK	GBP	2013
203	203	Pierce, Bernard	108.5	7.23	4.5	17.0	20.0	2.2	7.3	5.8	4.9	B	2.8	7.4	3.8	6.2	8.2	4.1	4.0	10.3	O'Keefe - Trade (P)	8	0.8	2.0	RB	BAL	2013
204	204	Stills, Kenny	107.1	7.14	10.6	2.0	0.0	7.3	0	14.9	B	27.5	6	15.5	2.1	3.7	0.8	4.2	8.2	4.3	Free Agent	7	0.6	1.0	WR	NOS	2013
205	205	Reed, Jordan	106.4	11.82	7.8	9.3	8.5		B	9.3	26.9	15.5	9.7	17.2	2.2						Free Agent	5	0.6	1.0	TE	WAS	2013
206	206	Bailey, Dan	106.0	7.07	10.5	12.5	2.0	1.5	10	4	4	15.5	9.5	4	B	4.5	3.0	2.0	19.5	3.5	Free Agent	11	0.6	1.0	PK	DAL	2013
207	207	Chandler, Scott	105.0	7.0	6.3	2.5	16.9	4.8	7.9	12.2	3.3	12.7	5.1	4.1	5.5	B	6.3	3.9	8.4	5.1	Free Agent	12	0.6	1.0	TE	BUF	2013
208	208	Starks, James	104.9	8.74	1.3	33.3	10.3	B				14.1	11.7	3.2	0.4	5.3	0.6	3.8	9.4	11.5	Free Agent	4	0.6	1.0	RB	GBP	2013
209	209	Carpenter, Dan	104.0	6.93	1.5	10.5	11.0	7	6.5	6.5	8	4	4.5	1.5	13	B	4.0	7.0	8.5	10.5	Free Agent	12	0.6	1.0	PK	BUF	2013
210	210	Keenum, Case	103.5	12.94							15.4	B	35.3	20.9	8.4	2.1	12.5	9.8	-0.9		Free Agent	8	0.6	1.0	QB	HOU	2013
211	211	Dobson, Aaron	103.3	9.39		14.1	10.7	2	6.4	10.8	5.9	15	28.5	B	6.8	0				3.1	Ryan - Trade (P)	10	3.2	3.0	WR	NEP	2013
212	212	Miller, Heath	102.6	7.89			5.5	11.5	B	12.9	5.7	4.4	7.8	1.1	12.2	8.1	15.1	8.1	6.5	3.7	Free Agent	5	0.6	1.0	TE	PIT	2013
213	213	Feely, Jay	101.5	6.77	3.5	13.5	0.5	6.5	9	1	11.5	7.5	B	6.5	6.5	13	1.5	0.0	12.0	9.0	Free Agent	9	0.6	1.0	PK	ARI	2013
214	214	Avery, Donnie	101.1	6.74	8.6	5.7	20.1	4.3	11.6	-1.4	5.8	6.2	3.7	B	3	18.6	2.7	1.2	5.3	5.7	Free Agent	10	0.6	1.0	WR	KCC	2013
215	215	Jones, Julio	100.4	20.08	15.1	31.7	20.9	16.3	16.4	B											Canavan - Trade (P)	6	5.25	1.0	WR	ATL	2013
216	216	McCluster, Dexter	100.3	7.16	6.8	2.4	0.8	15.3	0	2.6	10.8	18.4	2.1	B	9.3	11.1	8.0	10.6		2.1	Free Agent	10	0.6	1.0	WR	KCC	2013
217	217	Suisham, Shaun	98.7	6.58	0.5	4.5	10.0	5.5	B	14.5	12.5	2.5	4	9	9	8.5	1.2	2.0	9.5	5.5	Free Agent	5	0.6	1.0	PK	PIT	2013
218	218	Kerley, Jeremy	98.4	8.95	6.6		4.5	10	16.8	3.4	22.7	4.7	0.6	B				13.1	3.5	12.5	Free Agent	10	0.6	1.0	WR	NYJ	2013
219	219	Sturgis, Caleb	97.0	6.47	12.0	6.5	9.5	4	10	B	1.5	6	7	5.5	6	9.5	9.0	6.0	4.5	0.0	Free Agent	6	0.6	1.0	PK	MIA	2013
220	220	Wayne, Reggie	97.0	13.86	22.1	8.6	10.0	20.5	14	12.8	9	B									Just Win Baby - Trade (P)	8	2.4	1.0	WR	IND	2013
221	221	Thompkins, Kenbrell	95.1	8.65	7.2	6.2	18.1	23.2	3.6	13	3.1	0		B	8	10.1	2.6				davyhouse - Trade	10	3.6	3.0	WR	NEP	2013
222	222	Martin, Doug	94.7	15.78	15.8	23.2	17.3	14	B	15.8	8.6										Suburban Thugs	5	4.6	1.0	RB	TBB	2013
223	223	Gano, Graham	94.5	6.3	0.5	8.0	7.5	B	7	2.5	11.5	4	8	5.5	5.5	9	5.5	6.5	9.5	4.0	Free Agent	4	0.6	1.0	PK	CAR	2013
224	224	Walsh, Blair	94.5	6.3	6.5	7.5	7.5	10	B	2.5	0.5	5	1	8	8	13	9.0	7.0	8.0	1.0	Jim's Team - Trade	5	1.0	1.0	PK	MIN	2013
225	225	Gresham, Jermaine	94.1	6.72	7.5	11.1	2.7	7.8	5.4	1.5	9.4	8.9	5.8		9.7	B	0.0	13.6	0.8	9.9	Free Agent (Q)	12	0.6	1.0	TE	CIN	2013
226	226	McGahee, Willis	93.3	7.77			3.0	8.6	19.9	7.9	7.1	7.1	4.8	B	4.4	3	19.9	7.6		0.0	Free Agent	10	0.6	1.0	RB	CLE	2013
227	227	Zuerlein, Greg	93.0	6.2	12.5	3.5	0.5	3	8	6.5	6.5	7	1.5	5.5	B	7	7.5	4.5	7.5	12.0	O'Keefe - Trade	11	0.8	2.0	PK	STL	2013
228	228	Sanu, Mohamed	92.6	6.17	0.9	8.1	10.3	4.4	4.3	8.9	2.2	3.4	11.2	5.1	9.5	B	1.4	4.6	4.0	14.3	Free Agent	12	0.6	1.0	WR	CIN	2013
229	229	Ertz, Zach	92.1	6.14	2.1	7.8	1.5	4.8	5.8	3.3	5.3	1	13.2	0	5.1	B	22.3	0.0	16.2	3.7	Free Agent	12	0.6	1.0	TE	PHI	2013
230	230	Celek, Brent	91.6	6.11	13.1	0.0	3.3	8.2	12.2	2	1.9	3.2	10.7	1.2	5.2	B	11.9	4.4	3.5	10.8	Free Agent	12	0.6	1.0	TE	PHI	2013
231	231	Bullock, Randy	91.5	6.1	6.0	1.0	8.0	7	4	4.5	10.5	B	5.5	5.5	10	5	6.0	7.0	4.0	7.5	Free Agent	8	0.6	1.0	PK	HOU	2013
232	232	Bolden, Brandon	90.8	8.25			14.6	4.4	11.9	5.3	13.4	12	4.7	B		17.5	3.6		0.0	3.4	Free Agent	10	0.6	1.0	RB	NEP	2013
233	233	Gould, Robbie	90.5	6.03	6.5	3.0	7.0	7.5	2.5	9.5	9.5	B	5.5	5.5	9	1.5	6.0	9.0	4.5	4.0	Free Agent	8	0.6	1.0	PK	CHI	2013
234	234	Pettis, Austin	90.4	6.03	3.6	19.8	9.5	9.9	19.4	2.2	3.2	5.3	2.3	0	B	0	2.1	2.9	7.6	2.6	Free Agent	11	0.6	1.0	WR	STL	2013
235	235	Rivera, Mychal	89.9	5.99	4.1	5.7	3.6	11.9	1.5	2.5	B	0	6.6	3.7	14.4	2	5.0	11.6	11.0	6.3	Free Agent	7	0.6	1.0	TE	OAK	2013
236	236	Sanders, Ace	89.9	6.42	2.9	10.4	4.0	9.4	0	1.4		2.1	B	0	11.6	9.1	14.3	12.0	8.7	4.0	Free Agent	9	0.6	1.0	WR	JAC	2013
237	237	Jones, Jacoby	89.7	8.15	4.9					11.7	6.2	B	4.7	3.2	3.4	19.3	8.3	13.4	12.5	2.1	Free Agent	8	0.6	1.0	WR	BAL	2013
238	238	Durham, Kris	88.5	5.9	2.1	0.0	4.3	8.8	11	14.3	7.6	8.9	B	7	6.7	3.6	9.8	0.0	1.0	3.4	Free Agent	9	0.6	1.0	WR	DET	2013
239	239	Miller, Zach	88.1	6.78	6.7	3.2	13.5	1.2			14	2.4	7.9	0	9.9	B	18.1	2.3	1.3	7.6	Free Agent	12	0.6	1.0	TE	SEA	2013
240	240	Little, Greg	87.6	5.84	5.6	6.8	3.9	0	10.1	8.7	7.9	1.3	17.7	B	0.9	3.2	7.9	2.9	9.8	0.9	Ryan - Trade	10	3.75	2.0	WR	CLE	2013
241	241	Hartley, Garrett	87.5	6.25	10.0	10.5	5.0	4.5	13	6.5		2.5	10	3.5	10	5	0.5	3.0	3.5		Free Agent	-	0.6	1.0	PK	FA	2013
242	242	Brown, Vincent	87.2	5.81	8.8	5.1	2.1	9.1	18.2	5.1	4.6	B	2.7	6	3.2	0	2.6	6.0	7.9	5.8	Free Agent	8	0.6	1.0	WR	SDC	2013
243	243	Givens, Chris	86.9	5.79	4.7	15.5	4.1	8.9	3.1	3.5	3.4	11.2	9	7.4	B	0	5.0	3.1	4.1	3.9	Suburban Thugs	11	2.4	2.0	WR	STL	2013
244	244	Moss, Santana	86.8	5.79	9.9	12.6	13.7	0	B	6.4	0	4	3.2	2.3	6.1	4.7	3.7	6.0	11.9	2.3	Free Agent	5	0.6	1.0	WR	WAS	2013
245	245	Flynn, Matt	86.1	12.3			0.4	B								17.7	-4.8	19.5	36.0	8.0	Free Agent	4	0.6	1.0	QB	GBP	2013
246	246	Henery, Alex	86.0	5.73	6.0	10.5	2.5	6	15.5	4	3	0.5	3.5	7.5	3.5	B	4.5	0.0	11.5	7.5	Free Agent	12	0.6	1.0	PK	PHI	2013
247	247	Eifert, Tyler	84.5	5.63	8.2	9.1	1.2	5.9	9.3	2.3	12.5	3.8	2.9	8	2.5	B	1.4	4.0	11.8	1.6	Don - Trade (P)	12	2.4	3.0	TE	CIN	2013
248	248	Succop, Ryan	84.5	5.63	2.0	4.0	13.0	7	12	4.5	3	11	10	B	2	4.5	2.0	5.0	4.0	0.5	Free Agent	10	0.6	1.0	PK	KCC	2013
249	249	Todman, Jordan	84.0	5.6	4.9	1.7	6.9	0.8	2.7	0.2	1.5	0	B	8.4	2.3	6.3	7.8	11.9	25.8	2.8	Free Agent	9	0.6	1.0	RB	JAC	2013
250	250	Lindell, Rian	83.5	5.57	4.0	1.0	2.0	4.5	B	6	11	8.5	4.5	6	8.5	3.5	7.0	9.5	1.0	6.5	Free Agent	5	0.6	1.0	PK	TBB	2013
251	251	Clemens, Kellen	83.3	9.26							-2.8	-1.4	12.7	19	B	12	11.6	2.4	21.3	8.5	Free Agent	11	0.6	1.0	QB	STL	2013
252	252	Janikowski, Sebastian	82.5	5.5	4.0	9.5	1.5	1	9.5	0.5	B	1.5	8	6	2	14.5	5.5	8.5	5.0	5.5	Free Agent	7	0.6	1.0	PK	OAK	2013
253	253	Bryant, Matt	81.5	5.43	3.0	5.0	9.0	9	2	B	4	4.5	2.5	5.5	9	5.5	9.0	1.5	7.5	4.5	Suburban Thugs	6	1.2	1.0	PK	ATL	2013
254	254	Greene, Shonn	81.1	8.11	3.1						0.4	B	16.4	7.5	1.6	2.3	7.5	19.4	1.0	21.9	Free Agent (P)	8	0.6	1.0	RB	TEN	2013
255	255	Cobb, Randall	80.4	16.08	23.8	25.3	8.4	B	14.6	8.3											Canavan - Trade	4	10.6	2.0	WR	GBP	2013
256	256	McGloin, Matt	80.3	11.47							B		1.4		25.2	14.7	7.6	21.1	6.0	4.3	Free Agent	7	0.6	1.0	QB	OAK	2013
257	257	Weeden, Brandon	80.2	10.02	2.6	11.3			13.5	19.2	3		-0.2	B		6.1	24.7				Free Agent	10	0.6	1.0	QB	CLE	2013
258	258	Bironas, Rob	80.0	5.33	8.5	5.5	5.0	4.5	2	5.5	4	B	2	7.5	6.5	8	1.0	2.0	8.0	10.0	Free Agent	8	0.6	1.0	PK	TEN	2013
259	259	Pettigrew, Brandon	79.6	5.69	-1.4	5.7	0.0	9.9	9.4	6.6	8.2	4.6	B	11	5.7	11.2	1.1	3.3	4.3		Free Agent	9	0.6	1.0	TE	DET	2013
260	260	Snelling, Jason	79.6	6.12	2.7	15.4	22.8	6.5	13.2	B	3.3		0	5.9		3.4	1.3	0.9	1.0	3.2	Free Agent	6	0.6	1.0	RB	ATL	2013
261	261	Cundiff, Billy	79.5	5.3	3.5	7.0	4.5	6	10	4	8.5	5	3.5	B	4	4	2.0	8.0	5.0	4.5	Free Agent	10	0.6	1.0	PK	CLE	2013
262	262	Hankerson, Leonard	79.5	7.95	23.5	5.5	4.6	8.4	B	5.6	3.6	7.2	9.5	10.6	1						Free Agent (Q)	5	0.6	1.0	WR	WAS	2013
263	263	Matthews, Rishard	79.5	5.3	0.0	0.0	7.7	3.1	0	B	0	5.5	3.4	33	8.2	1.7	4.1	1.0	10.4	1.4	Free Agent	6	0.6	1.0	WR	MIA	2013
264	264	Nugent, Mike	79.0	5.27	1.5	7.0	0.0	6	7.5	8.5	10.5	3.5	9	4	9.5	B	5.0	3.0	1.0	3.0	Free Agent	12	0.6	1.0	PK	CIN	2013
265	265	Bess, Davone	78.7	5.62	8.7	7.8	12.7	4	4.5	3.6	2.6	1.7	16.4	B	0.8	7.2	5.3	2.0	1.4		Free Agent	10	0.6	1.0	WR	CLE	2013
266	266	Scobee, Josh	78.5	5.23	0.0	2.0	4.0	5	8	6.5	4	3.5	B	8.5	1	7.5	10.5	7.5	9.0	1.5	Free Agent	9	0.6	1.0	PK	JAC	2013
267	267	Cumberland, Jeff	78.3	5.59	0.0	0.0	4.1	9.9	16.4	9.4	6.1	1.4		B	10.5	1.4	1.1	0.0	13.0	5.0	Free Agent	10	0.6	1.0	TE	NYJ	2013
268	268	Wright, Jarius	77.8	5.19	0.0	3.1	6.0	1.1	B	2.5	1.8	0	5.6	5.4	20.9	0	8.3	0.0	13.0	10.1	Free Agent	5	0.6	1.0	WR	MIN	2013
269	269	Avant, Jason	76.2	5.08	-0.2	6.9	18.7	1.7	5.3	4.6	5.7	8.4	0	4	1	B	3.0	0.0	12.5	4.6	Free Agent	12	0.6	1.0	WR	PHI	2013
270	270	Beasley, Cole	76.1	5.85			1.2	4.1	13.7	7.4	9.8	1.3	11.8	2.8	B	2.8	3.9	9.5	3.4	4.4	Free Agent	11	0.6	1.0	WR	DAL	2013
271	271	Ingram, Mark	76.1	7.61	2.9	4.1					B		3.7	29.3	5.1	5.5	3.8	1.5	6.6	13.6	Free Agent	7	0.6	1.0	RB	NOS	2013
272	272	Clark, Dallas	75.8	6.32	14.2	1.8	8.1	6.4	0	17.1	8.4	B	2.4	6.6	5.1	4.4	1.3				Free Agent	8	0.6	1.0	TE	BAL	2013
273	273	Brown, Josh	75.5	5.03	3.0	10.0	0.0	0.5	1.5	1.5	9	16	B	3.5	6.5	4.5	4.5	1.0	0.0	14.0	Free Agent	9	0.6	1.0	PK	NYG	2013
274	274	Hunter, Kendall	75.2	5.01	4.6	0.2	9.1	15	4.9	8.2	1.4	11.2	B	-1.1	1.4	2.8	1.3	3.4	6.6	6.2	Jim's Team - Trade	9	2.25	1.0	RB	SFO	2013
275	275	Roberts, Andre	74.7	4.98	16.7	5.6	1.1	1.1	0	1	6.8	1.3	B	16.7	2.9	6.8	5.4	1.8	3.0	4.5	Free Agent	9	0.6	1.0	WR	ARI	2013
276	276	Hunter, Justin	74.4	5.72		0.0	9.9	8.1	0	1.3	0	B	3.3	7.1	0	22.4	1.9	20.4		0.0	Free Agent	8	0.6	1.0	WR	TEN	2013
277	277	Fauria, Joseph	73.7	4.91	10.7	0.0	7.0	0	0	22.9	2.5	0	B	3.5	2.4	7.5	0.0	0.0	7.9	9.3	Free Agent	9	0.6	1.0	TE	DET	2013
278	278	Gibson, Brandon	73.6	10.51	14.2	2.1	9.4	11.6	10.4	B	19	6.9									Free Agent (P)	6	0.6	1.0	WR	MIA	2013
279	279	Brown, Bryce	72.9	5.21	4.8	2.5	1.3	9.1	3.7	4	0.8	1.8	8.9	2.4	5.8	B	1.4	5.6		20.8	Holmes Family Jules - Trade	12	1.4	2.0	RB	PHI	2013
280	280	Kearse, Jermaine	72.6	4.84	11.9	0.0	2.7	0	9.3	3.7	2.7	0	8.8	15.5	0	B	4.1	3.5	3.6	6.8	Free Agent	12	0.6	1.0	WR	SEA	2013
281	281	Burleson, Nate	72.1	9.01	13.3	9.2	16.1						B			19.4	0.0	3.3	8.6	2.2	Free Agent (P)	9	0.6	1.0	WR	DET	2013
282	282	Brown, Mike	71.3	7.13	2.4					7.9	16.5	11.8	B	6	3.8		1.2	3.6	1.5	16.6	Free Agent	9	0.6	1.0	WR	JAC	2013
283	283	Nelson, David	71.2	6.47					1.9	2.1	12	13	2.9	B	1.7	0	6.2	5.7	7.4	18.3	Free Agent	10	0.6	1.0	WR	NYJ	2013
284	284	Winslow, Kellen	70.9	6.45	18.4	3.1	0.0	12.8	6.6					B	2.7	5.4	4.6	9.1	2.2	6.0	Free Agent	10	0.6	1.0	TE	NYJ	2013
285	285	Bennett, Earl	70.8	4.72	1.6	3.4	9.2	8.9	2.4	0	4.4	B	0	2	0.6	11.3	2.7	9.3	10.3	4.7	Free Agent	8	0.6	1.0	WR	CHI	2013
286	286	Blackmon, Justin	70.2	17.55					23.1	31	10.3	5.8	B								O'Keefe - Trade (S)	9	4.4	2.0	WR	JAC	2013
287	287	Housler, Robert	69.6	5.8			2.3	3.3	0	6.2	10.8	2.4	B	14.7	11.5	8.1	4.1	6.2		0.0	Free Agent	9	0.6	1.0	TE	ARI	2013
288	288	Underwood, Tiquan	69.2	6.29					B	0	1.6	7.7	10.4	9.4	3	24.8	8.1	0.0	3.0	1.2	Free Agent	5	0.6	1.0	WR	TBB	2013
289	289	Rudolph, Kyle	68.8	8.6	4.2	11.7	5.3	1.6	B	22.2	4.7	8.6	10.5								Free Agent	5	0.6	1.0	TE	MIN	2013
290	290	Moore, Lance	68.4	5.7	3.8	2.5	1.1				B	11.9	11.5	2.4	1.3	3.7	2.7	7.0	12.8	7.7	Don - Trade	7	1.4	2.0	WR	NOS	2013
291	291	Akers, David	67.5	4.5	9.0	1.5	6.5	15	5	7	3.5	3	B	1.5	5.5	1.5	3.5	-2.0	3.5	3.5	Free Agent	9	0.6	1.0	PK	DET	2013
292	292	Gerhart, Toby	66.8	4.77	0.0	2.0	2.9	1.2	B	2.3	3.2	10.5	1.1	0.6	10.8	14.2	2.1	15.9		0.0	Free Agent	5	0.6	1.0	RB	MIN	2013
293	293	Lewis, Marcedes	65.9	6.59				0			4.1	-1.9	B	5.9	3.8	2.8	11.1	11.7	14.4	14.0	Free Agent	9	0.6	1.0	TE	JAC	2013
294	294	Heyward-Bey, Darrius	65.7	4.38	5.3	2.0	10.4	5.8	0.9	2.1	16.6	B	1.6	5.5	2	5.7	3.5	4.3	0.0	0.0	Free Agent	8	0.6	1.0	WR	IND	2013
295	295	Bush, Michael	65.6	4.69	3.2	0.4	8.5	0	1.6	3.6		B	6.4	0.2	1.1	8.9	2.2	14.6	11.5	3.4	Holmes Family Jules - Trade	8	1.2	2.0	RB	CHI	2013
296	296	Finley, Jermichael	65.5	10.92	15.1	16.0	0.0	B	7.2	10	17.2										Free Agent (Q)	4	0.6	1.0	TE	GBP	2013
297	297	Holmes, Santonio	65.5	6.55	2.3	8.1	25.9	3.5						B	9.1	2.2	0.0	8.0	2.9	3.5	Free Agent	10	0.6	1.0	WR	NYJ	2013
298	298	Holmes, Andre	65.3	7.26						0	B	0		0	4.3	5.2	20.1	9.3	14.8	11.6	Free Agent	7	0.6	1.0	WR	OAK	2013
299	299	Jacobs, Brandon	64.7	9.24		8.3	0.8	1.7	2.9	30.8					8.9	11.3					Free Agent	-	0.6	1.0	RB	FA	2013
300	300	James, Mike	64.7	7.19	0.0	0.0	0.7	0.7	B	1.1	10.6	12.4	33.6	5.6							Free Agent (P)	5	0.6	1.0	RB	TBB	2013
301	301	Kendricks, Lance	62.9	4.49	5.0	3.8	7.1	7.1	12.2	6.7	2.2	3.8	3.3		B	0	0.0	2.5	8.3	0.9	Free Agent	11	0.6	1.0	TE	STL	2013
302	302	Leonard, Brian	62.9	4.19	0.9	0.2	2.7	3.1	B	1.3	2.9	7.6	11.3	14.8	7.5	1.3	2.0	4.5	1.9	0.9	Free Agent	5	0.6	1.0	RB	TBB	2013
303	303	Daniels, Owen	62.7	12.54	22.7	9.9	6.9	12.2	11			B									Canavan - Trade	8	1.0	1.0	TE	HOU	2013
304	304	Carlson, John	62.4	4.8	0.0	-1.8	1.3	0.9	B	2.2	1.9	0.8	4.8	21.3	10.9	6.6	9.6	3.9			Free Agent	5	0.6	1.0	TE	MIN	2013
305	305	Quarless, Andrew	62.1	4.14	0.0	1.7	4.1	B	0	0	0	2.8	6.4	1.3	3.3	3.7	1.2	17.1	17.6	2.9	Free Agent (P)	4	0.6	1.0	TE	GBP	2013
306	306	Richardson, Daryl	61.9	8.84	18.6	14.5		5.3	8.4	3.9	2.9	8.3			B						Free Agent (P)	11	0.6	1.0	RB	STL	2013
307	307	Green, Ladarius	61.4	4.09	0.0	0.0	6.8	0	0	3.5	6	B	2	3.5	11.6	16	12.0	0.0	0.0	0.0	Free Agent	8	0.6	1.0	TE	SDC	2013
308	308	McGrath, Sean	60.1	4.01	0.0	4.6	5.6	16.4	8.4	0	0.6	4	0	B	6	0	2.1	4.0	8.4	0.0	Free Agent	10	0.6	1.0	TE	KCC	2013
309	309	Hillis, Peyton	59.8	9.97							21.7	15.5	B	1.1			8.3	7.9	5.3		Free Agent (P)	9	0.6	1.0	RB	NYG	2013
310	310	Robinson, Aldrick	59.0	3.93	0.0	2.3	0.0	0	B	0	15.2	0	0.9	0	13.5	0	1.1	10.2	13.4	2.4	Free Agent	5	0.6	1.0	WR	WAS	2013
311	311	Quick, Brian	57.7	3.85	2.6	2.5	1.2	2.2	6.5	6.9	11.7	0	5	0	B	3.4	12.6	0.0	0.0	3.1	Free Agent	11	0.6	1.0	WR	STL	2013
312	312	Hillman, Ronnie	57.3	7.16	7.0	0.5	18.6	11.4	10.8	6.4	1.4		B							1.2	Plummer - Trade	9	1.8	2.0	RB	DEN	2013
313	313	Forbath, Kai	57.0	4.75	1.5				B	7.5	6	1.5	3.5	5.5	0	6	4.0	4.5	7.0	10.0	Free Agent	5	0.6	1.0	PK	WAS	2013
314	314	Goodwin, Marquise	56.4	5.13	-2.5					12.8	0	8.6	13.9	2.4	21	B	0.0	0.0	0.0	0.2	Free Agent	12	0.6	1.0	WR	BUF	2013
315	315	Hill, Stephen	56.2	4.68	7.9	8.6	19.3	0	3.6	7.6	2.7	5.3	0	B	0	0	1.2				Free Agent	10	0.6	1.0	WR	NYJ	2013
316	316	Martin, Keshawn	55.6	3.71	0.0	5.2	5.5	1.1	2.4	-0.8	0	B	0	0	10.7	2.2	3.7	11.3	2.3	12.0	Free Agent	8	0.6	1.0	WR	HOU	2013
317	317	Cunningham, Benny	54.9	4.22	0.0	0.4	4.0	6.1	2.6	1.7			-1.3	11.9	B	22	2.5	4.4	0.4	0.2	Free Agent	11	0.6	1.0	RB	STL	2013
318	318	Davis, Knile	54.8	3.65	3.0	0.0	4.2	0.4	0.4	0.5	0.9	4.1	0	B	4	0.5	12.0	13.9	13.5	-2.6	Free Agent (P)	10	0.6	1.0	RB	KCC	2013
319	319	Harbor, Clay	54.6	3.64	1.0	11.9	0.0	5.9	3.4	4.9	0	1.7	B	2.3	5.2	1.3	9.3	0.0	7.7	0.0	Free Agent	9	0.6	1.0	TE	JAC	2013
320	320	Fasano, Anthony	54.0	6.0	2.3	4.6					5.2	2.4	3	B	12.2	10.6	10.8			2.9	Free Agent	10	0.6	1.0	TE	KCC	2013
321	321	Dickson, Ed	53.3	3.55	2.3	0.0	0.0	2.7	7.1	0	3.7	B	0.8	5.3	2.6	8	2.6	7.8	3.0	7.4	Free Agent	8	0.6	1.0	TE	BAL	2013
322	322	Randle, Joseph	52.8	4.8				0	0	12.9	15.6	9.2	0.5	0	B	0		14.6	0.0	0.0	Suburban Thugs	11	0.6	3.0	RB	DAL	2013
323	323	Turbin, Robert	52.1	3.47	5.1	4.8	1.6	1	2.2	5.8	2.1	3.2	5.3	3.7	5.8	B	6.6	1.6	6.3	-3.0	Jim's Team - Trade	12	0.6	2.0	RB	SEA	2013
324	324	Bradshaw, Ahmad	52.0	17.33	5.7	21.4	24.9					B									Free Agent (P)	8	0.6	1.0	RB	IND	2013
325	325	Graham, T.J.	51.8	3.45	1.2	1.3	1.0	6.8	3.1	10.9	5.1	3.4	-2.5	1.5	15.1	B	0.0	0.0	0.0	4.9	Free Agent (P)	12	0.6	1.0	WR	BUF	2013
326	326	Paulsen, Logan	51.0	3.4	0.0	2.3	8.1	3.1	B	0	0	0	2.9	7.3	0	0	12.1	9.4	4.1	1.7	Free Agent	5	0.6	1.0	TE	WAS	2013
327	327	Lewis, Thaddeus	49.8	9.96						27	9.1	5.7				B	0.0			8.0	Free Agent	12	0.6	1.0	QB	BUF	2013
328	328	Rice, Sidney	49.6	6.2	5.5	2.3	22.9	2.1	1.8	2	13	0				B					Free Agent (P)	12	0.6	1.0	WR	SEA	2013
329	329	Williams, Mike	49.6	8.27	14.2	1.9	11.0	12.8	B		5.7	4									Free Agent (P)	5	0.6	1.0	WR	TBB	2013
330	330	Doss, Tandon	49.0	3.5		0.0	6.0	7.7	8.8	12.9	5.5	B	1.4	0	6.7	0	0.0	0.0	0.0	0.0	Free Agent	8	0.6	1.0	WR	BAL	2013
331	331	Watson, Ben	48.9	3.49	5.6	0.0	2.4	6.9	0	8.6	B	7.5	0	1.5		6.6	0.0	3.0	2.7	4.1	Free Agent	7	0.6	1.0	TE	NOS	2013
332	332	Hoyer, Brian	48.3	16.1			19.6	26.3	2.4					B							Free Agent (P)	10	0.6	1.0	QB	CLE	2013
333	333	Willson, Luke	48.3	3.22	0.0	0.0	12.1	0	4.8	3.2	3.3	0	0	2.9	1.2	B	0.7	15.0	4.3	0.8	Free Agent	12	0.6	1.0	TE	SEA	2013
334	334	Miller, Bruce	47.0	3.36	3.9	3.7	2.0	4.7	0.9	3.6	1.7	7.8	B	2	1.8	0	3.5	5.8	5.6		Free Agent	9	0.6	1.0	RB	SFO	2013
335	335	Dray, Jim	46.2	3.08	3.6	6.1	0.0	2	8.8	0.9	1.8	0	B	1.9	3.3	0	10.6	2.2	1.9	3.1	Free Agent	9	0.6	1.0	TE	ARI	2013
336	336	Meachem, Robert	46.1	3.29		0.0	10.4	0	0	0	B	2.5	12.3	2.7	9.8	2.8	1.2	1.8	0.0	2.6	Free Agent	7	0.6	1.0	WR	NOS	2013
337	337	Dwyer, Jonathan	45.9	3.28		0.4	9.2	1.1	B	2.1	1.1	2	7	7.8	2.9	2.5	0.0	2.4	4.8	2.6	Free Agent	5	0.6	1.0	RB	PIT	2013
338	338	Brown, Ronnie	45.8	3.05	7.6	3.4	7.6	0.9	7.1	0.7	2.5	B	0	6.4	0	4.5	0.5	2.3	2.3	0.0	Free Agent	8	0.6	1.0	RB	SDC	2013
339	339	Crabtree, Michael	44.5	11.12									B				8.3	7.0	14.5	14.7	Don - Trade	9	2.4	2.0	WR	SFO	2013
340	340	Whittaker, Fozzy	44.5	3.42	0.0	0.0	0.0			0	5.4	9.2	4.8	B	11.4	3.8	3.5	4.7	1.7	0.0	Free Agent	10	0.6	1.0	RB	CLE	2013
341	341	Caldwell, Andre	44.2	2.95	9.3	4.6	0.0	1	0	0.9	0	2.4	B	0	0	0	0.9	0.0	22.4	2.7	Free Agent	9	0.6	1.0	WR	DEN	2013
342	342	Jernigan, Jerrel	43.9	3.14	0.0	0.0	1.0	0	2.8	0	0	4.9	B	-3	3.6	3.9	0.0		12.2	18.5	Free Agent	9	0.6	1.0	WR	NYG	2013
343	343	Ogletree, Kevin	43.9	2.93	0.0	7.0	5.5	6.5	3.5	1	7	0	B	0	0	0	8.5	0.0	0.0	4.9	Free Agent	9	0.6	1.0	WR	DET	2013
344	344	Whalen, Griff	43.7	5.46	0.0	4.3	0.0					B	5.2	6.1	1.6				13.0	13.5	Free Agent	8	0.6	1.0	WR	IND	2013
345	345	Davis, Drew	43.1	2.87	0.0	0.0	0.0	0	0	B	3.4	18.2	0.7	0	0	1.2	0.0	10.1	0.0	9.5	Free Agent	6	0.6	1.0	WR	ATL	2013
346	346	Johnson, Dennis	41.7	5.21								B	5.7	3.9	0.6	13.8	4.5	2.5	3.3	7.4	Free Agent	8	0.6	1.0	RB	HOU	2013
347	347	Stewart, Jonathan	40.5	6.75				B					11.8	7.2	2.3	6.3	8.0	4.9			Free Agent	4	0.6	1.0	RB	CAR	2013
348	348	Young, Darrel	40.3	3.36	0.0	0.0	0.0	0.9	B	2.6	0.2	0	20.2	0.2	14.7				0.0	1.5	Free Agent	5	0.6	1.0	RB	WAS	2013
349	349	Morgan, Josh	40.1	2.86	8.6	5.9	3.9	1.1	B	1.1	0	0.8	0	0		7.7	2.0	2.5	5.9	0.6	Free Agent	5	0.6	1.0	WR	WAS	2013
350	350	Bailey, Stedman	40.0	2.67	0.0	0.0	0.0	0	0	0	0	0	2.2	0	B	2.9	7.1	7.1	4.9	15.8	Free Agent (S)	11	0.6	1.0	WR	STL	2013
351	351	Baker, Edwin	40.0	20.0										B					20.5	19.5	Free Agent	10	0.6	1.0	RB	CLE	2013
352	352	Austin, Miles	39.7	3.97	14.2	5.6	3.7			0	0				B	2.7	2.8	3.4	5.5	1.8	Plummer - Trade	11	2.4	1.0	WR	DAL	2013
353	353	Johnson, Darius	39.6	4.4						B	3.9	7.5	2	7.7	2.8	8.7	3.1	0.0	3.9		Free Agent	6	0.6	1.0	WR	ATL	2013
354	354	Jones, Felix	39.4	2.63	0.0	6.7	4.6	1.6	B	5.8	4.4	3.7	1.6	2.4	0.2	2.7	0.0	1.1	3.7	0.9	Free Agent	5	0.6	1.0	RB	PIT	2013
355	355	Griffin, Ryan	38.5	2.75	0.0	0.0	0.0	0	0	3.8	0	B	0	6.7		4.7	0.0	2.0	11.2	10.1	Free Agent	8	0.6	1.0	TE	HOU	2013
356	356	Rogers, Da'Rick	38.4	9.6								B					0.0	26.7	4.5	7.2	Free Agent	8	0.6	1.0	WR	IND	2013
357	357	Robinson, Khiry	36.3	4.03			5.6	7.1	2	13.7	B	2.3				0.6		1.3	0.2	3.5	Free Agent	7	0.6	1.0	RB	NOS	2013
358	358	Scott, Da'Rel	35.5	7.1	11.9	12.2	3.4	4.1		3.9											Free Agent	-	0.6	1.0	RB	FA	2013
359	359	Tamme, Jacob	35.5	2.37	0.0	0.0	1.0	0	0	0	1.7	2.5	B	0	0	14.7	1.3	8.2	1.4	4.7	Free Agent	9	0.6	1.0	TE	DEN	2013
360	360	Polk, Chris	35.2	2.51	0.0	0.0	0.0	13.3	0.7	0		0	0	0	0	B	0.0	12.3	0.0	8.9	Free Agent (P)	12	0.6	1.0	RB	PHI	2013
361	361	Asiata, Matt	34.6	3.46	0.0	0.0	0.0	0	B	0	0					0	0.0	0.0	34.6		Free Agent	5	0.6	1.0	RB	MIN	2013
362	362	Brazill, LaVon	34.5	3.83						0	0	B	1.4	2.1	0	6	6.2	18.8		0.0	Free Agent (S)	8	0.6	1.0	WR	IND	2013
363	363	Tolzien, Scott	34.4	11.47				B						14.4	10	10					Free Agent	4	0.6	1.0	QB	GBP	2013
364	364	Cousins, Kirk	34.1	8.53					B			-3.8						-0.4	26.2	12.1	Free Agent	5	0.6	1.0	QB	WAS	2013
365	365	Battle, Jackie	34.0	2.27	11.2	2.5	2.0	7.4	8.9	0	1.1	B	0	0	0	0	0.0	0.0	0.0	0.9	Free Agent	8	0.6	1.0	RB	TEN	2013
366	366	Summers, Frank	33.4	2.39	0.0	6.9	0.0	0	0	0	2.3	0.5	0.6	0	7.8	B	1.9		12.3	1.1	Free Agent	12	0.6	1.0	RB	BUF	2013
367	367	Barnidge, Gary	33.2	2.21	1.9	0.0	0.0	1.2	0.7	1.6	0	0.8	6.9	B	1.7	0	0.0	11.9	2.7	3.8	Free Agent	10	0.6	1.0	TE	CLE	2013
368	368	Dunbar, Lance	33.0	3.67		-0.2	3.4	0.9	0			3.6	4.3	0	B	7.2	13.8				Free Agent	11	0.6	1.0	RB	DAL	2013
369	369	Ross, Jeremy	32.6	2.72	0.0	0.0	-1.2				0	1.7	B	4.8	2.9	0	10.1	12.0	0.0	2.3	Free Agent	9	0.6	1.0	WR	DET	2013
370	370	Harkey, Cory	32.3	2.31		1.6	0.0	0	2.7	6.7	2.4	0	0	2.4	B	0	0.0	1.4	10.4	4.7	Free Agent	11	0.6	1.0	TE	STL	2013
371	371	Sherman, Anthony	32.2	2.15	6.9	0.0	2.0	1.1	2.8	0	2	10.3	0.9	B	0.6	1.8	1.3	0.0	2.5	0.0	Free Agent	10	0.6	1.0	RB	KCC	2013
372	372	Taylor, Stepfan	31.0	2.07	0.0	0.4	0.7	0	0	1.6	0	7.1	B	1.5	0	2.6	8.6	4.4	1.7	2.4	Free Agent	9	0.6	1.0	RB	ARI	2013
373	373	Choice, Tashard	30.5	2.18	0.0	0.6	0.4	1.7	3.7	6.1	3.3	B	3.7	0	1		0.3		2.8	1.5	Free Agent	8	0.6	1.0	RB	IND	2013
374	374	Smith, Antone	30.5	2.18	0.0	0.0	0.0	0	1	B	0	0	0	0	16.6	1.8	11.1	0.0		0.0	Free Agent	6	0.6	1.0	RB	ATL	2013
375	375	Harris, Dwayne	29.8	2.48	2.7	0.9	5.9	2.3	2.3	6	0.8	0	8.3	0.6	B	0		0.0			Free Agent (P)	11	0.6	1.0	WR	DAL	2013
376	376	Wilson, David	29.7	5.94	-1.7	3.1	7.6	10.9	9.8				B								Ryan - Trade (Q)	9	3.8	1.0	RB	NYG	2013
377	377	Havili, Stanley	29.6	2.47	0.0	2.2	0.5	1.7		1.7	8.9	B	1.1	5.3	2.5		4.9	0.0		0.8	Free Agent	8	0.6	1.0	RB	IND	2013
378	378	Collins, Jed	29.5	1.97	0.0	0.0	1.0	1.1	6.9	2.1	B	1.8	0.9	0	8	0.2	2.7	1.1	0.0	3.7	Free Agent	7	0.6	1.0	RB	NOS	2013
379	379	Hoomanawanui, Michael	28.6	2.38	1.0	0.0	4.6	0	0.7	9.2	0	0	2.7	B	0.7				7.8	1.9	Free Agent	10	0.6	1.0	TE	NEP	2013
380	380	Taylor, Kerry	26.9	2.99		7.0	0.0	0					B		3.5	1.7	0.0	0.0	7.2	7.5	Free Agent	9	0.6	1.0	WR	JAC	2013
381	381	Franklin, Johnathan	26.8	2.68		0.0	23.2	B	0.7	1.4	1.5	0	0	0	0	0					Holmes Family Jules - Trade (I)	4	1.8	3.0	RB	GBP	2013
382	382	Kuhn, John	26.7	1.91	1.0	0.0		B	0	-0.7	1.9	1.7	0	2.9	4.5	4.4	1.7	0.0	0.5	8.8	Free Agent	4	0.6	1.0	RB	GBP	2013
383	383	Smith, Alfonso	26.5	1.77	5.6	1.7	11.5	0	3.7	-2.6	5.5	0	B	0	0	1.1	0.0	0.0	0.0	0.0	Free Agent	9	0.6	1.0	RB	ARI	2013
384	384	Brown, Jaron	26.2	1.75	1.9	1.6	0.0	2.9	0	1	8.7	0	B	1.7	0	2.6	1.6	4.2	0.0	0.0	Free Agent	9	0.6	1.0	WR	ARI	2013
385	385	Pitta, Dennis	26.1	8.7								B						15.3	4.4	6.4	Free Agent	8	0.6	1.0	TE	BAL	2013
386	386	Dixon, Anthony	25.7	1.71	0.0	0.6	0.2	7.2	8.7	1.8	1	0.9	B	0	0	2.4	2.9	0.0	0.0	0.0	Free Agent	9	0.6	1.0	RB	SFO	2013
387	387	Posey, DeVier	25.5	1.96	0.0	0.0	4.4		1	0.8	5.2	B	4.8	5.9	1	1	0.0	1.4	0.0		Free Agent	8	0.6	1.0	WR	HOU	2013
388	388	Bohanon, Tommy	24.2	1.61	3.1	3.0	2.1	6.2	0	0	3.8	0	2.1	B	1.5	0	0.0	1.1	1.3	0.0	Free Agent	10	0.6	1.0	RB	NYJ	2013
389	389	Escobar, Gavin	24.2	1.61	1.2	1.9	8.9	0	3.5	0	0	0	0	0	B	1	0.0	5.2	2.5	0.0	Free Agent	11	0.6	1.0	TE	DAL	2013
390	390	Toilolo, Levine	24.0	1.71	0.0	0.9	6.7	0.9	9	B	0	2.1	0	0	1.1	1.1	2.2		0.0	0.0	Free Agent	6	0.6	1.0	TE	ATL	2013
391	391	Bostick, Brandon	23.5	2.14		0.0	0.0	B		0	0	0	0	12.2	3.6	3.4		4.3	0.0		Free Agent	4	0.6	1.0	TE	GBP	2013
392	392	Williams, Kyle	23.5	2.35	6.1	6.4	2.7	0	2	2.4	0	2.9		B	0						Free Agent (P)	10	0.6	1.0	WR	KCC	2013
393	393	Benjamin, Travis	23.2	2.9	6.9	3.2	-3.0	4.9	6	5.2	0	0		B							Free Agent (Q)	10	0.6	1.0	WR	CLE	2013
394	394	Leach, Vonta	23.2	1.55	8.7	2.2	4.5	0.7	0	0	2.4	B	0.9	0.6	0.8	1.1	0.0	0.7	0.0	0.6	Free Agent	8	0.6	1.0	RB	BAL	2013
395	395	Williams, Damian	23.1	2.57	2.3		1.4	9.3	-1.6	3.7	5	B	3	0						0.0	Free Agent	8	0.6	1.0	WR	TEN	2013
396	396	Forsett, Justin	23.0	2.56	6.1	1.2	0.0	3	0.4	4	4.3	2.1	B			1.9					Free Agent	9	0.6	1.0	RB	JAC	2013
397	397	Thigpen, Marcus	22.7	1.51	0.0	0.0	0.0	6	1	B	0	0.2	0	0	1.6	0.9	2.3	0.9	9.8	0.0	Free Agent	6	0.6	1.0	RB	MIA	2013
398	398	Stokley, Brandon	22.0	3.67	5.9	7.1	1.9					B				1.7	4.7	0.7			Free Agent	8	0.6	1.0	WR	BAL	2013
399	399	Hemingway, Junior	21.5	1.43	6.8	1.5	0.0	0	1.1	1.3	0	0	0	B	0	-3	11.7	2.1	0.0	0.0	Free Agent	10	0.6	1.0	WR	KCC	2013
400	400	Jackson, Tarvaris	21.0	5.25			20.0		0						-0.4	B			1.4		Free Agent	12	0.6	1.0	QB	SEA	2013
401	401	Pead, Isaiah	20.8	2.31		3.1	12.5		0					0	B	2	3.2	0.0	0.0	0.0	Free Agent	11	0.6	1.0	RB	STL	2013
402	402	Gates, Clyde	20.7	3.45	2.7	5.7	0.0	3.9	0.8	7.6				B							Free Agent (P)	10	0.6	1.0	WR	NYJ	2013
403	403	Hawkins, Andrew	20.5	2.93									2	0.2	1.1	B	10.3	1.2	0.0	5.7	Free Agent	12	0.6	1.0	WR	CIN	2013
404	404	Floyd, Malcom	20.4	10.2	5.7	14.7						B									Free Agent (Q)	8	0.6	1.0	WR	SDC	2013
405	405	Salas, Greg	19.7	2.81									7.7	B	4.7	6.8	0.5	0.0	0.0	0.0	Free Agent	10	0.6	1.0	WR	NYJ	2013
406	406	Boyce, Josh	19.6	2.45	0.0		0.0	3.4	0					B	0		1.6	7.9	6.7		Free Agent (P)	10	0.6	1.0	WR	NEP	2013
407	407	Owusu, Chris	19.4	2.43					B	4.8	4.7				0	0	3.0	0.0	4.6	2.3	Free Agent	5	0.6	1.0	WR	TBB	2013
408	408	Ford, Jacoby	18.7	1.34	0.7	2.7	2.6	0.5	3	2.4	B	-2.5	4.3	0	0.6	0	4.4	0.0	0.0		Free Agent	7	0.6	1.0	WR	OAK	2013
409	409	Davis, Fred	18.5	2.06	4.2	0.8		0	B	0						0	2.8	0.0	8.8	1.9	Free Agent (S)	5	0.6	1.0	TE	WAS	2013
410	410	McDonald, Vance	18.4	1.31	3.5	2.9	1.1	1.9	0	1.2	3	0	B	0	1.5	3.3	0.0	0.0		0.0	Free Agent	9	0.6	1.0	TE	SFO	2013
411	411	Preston, Michael	18.2	2.6		0.0	0.9	0		0		B						1.1	16.2	0.0	Free Agent	8	0.6	1.0	WR	TEN	2013
412	412	Ballard, Jake	17.9	2.56									B	2.5	3.9	0	0.0	0.0	8.8	2.7	Free Agent	9	0.6	1.0	TE	ARI	2013
413	413	Develin, James	17.9	1.19	0.0	0.9	0.0	2.5	0	0	0	0	0	B	0	0	9.5	4.1	0.9	0.0	Free Agent	10	0.6	1.0	RB	NEP	2013
414	414	Britt, Kenny	17.6	1.47	2.5	4.8	0.0		1.4	1.7	1.8	B	0	0	0	0	0.0		5.4		Free Agent	8	0.6	1.0	WR	TEN	2013
415	415	Golden, Brittan	17.1	4.28						6.3			B				0.9		2.6	7.3	Free Agent	9	0.6	1.0	WR	ARI	2013
416	416	Butler, Brice	16.8	1.68	1.3	2.0	7.9	1.6	3	1	B	0			0	0		0.0			Free Agent	7	0.6	1.0	WR	OAK	2013
417	417	Coleman, Derrick	16.8	1.53	5.0	0.0	0.0	0.9	0	1.1	1.8					B	8.0	0.0	0.0	0.0	Free Agent	12	0.6	1.0	RB	SEA	2013
418	418	Thompson, Deonte	16.6	2.37				7.5	2.6	0	0	B	4.4	0	2.1						Free Agent	8	0.6	1.0	WR	BAL	2013
419	419	Riddick, Theo	16.1	1.24	0.0	0.0	1.7	0	0			2.1	B	0	0	0	1.0	2.5	1.6	7.2	Free Agent	9	0.6	1.0	RB	DET	2013
420	420	Pascoe, Bear	16.0	1.07	0.0	2.2	0.7	0	0	2.4	0.9	0	B	0	0	1	2.1	2.4	2.7	1.6	Free Agent	9	0.6	1.0	TE	NYG	2013
421	421	Maehl, Jeff	15.7	1.05	0.0	0.0	0.0	11.8	0	1	0	0	2.9	0	0	B	0.0	0.0	0.0	0.0	Free Agent	12	0.6	1.0	WR	PHI	2013
422	422	Manningham, Mario	15.5	2.58									B	5	1.8	8	0.0	0.0	0.7		Free Agent (P)	9	0.6	1.0	WR	SFO	2013
423	423	Gragg, Chris	15.3	1.7						0	0	0	0	11.5	0	B		0.0	3.8	0.0	Free Agent	12	0.6	1.0	TE	BUF	2013
424	424	Hogan, Chris	15.3	1.02	0.0	0.0	0.0	0	2.6	0.7	0	0	0	2.6	5.4	B	0.0	1.7	0.0	2.3	Free Agent	12	0.6	1.0	WR	BUF	2013
425	425	Ajirotutu, Seyi	14.9	1.15			0.0	0	0	0	0	B	0	0	5.8	9.1	0.0	0.0	0.0	0.0	Free Agent	8	0.6	1.0	WR	SDC	2013
426	426	Tanner, Phillip	14.9	0.99	1.8	0.0	0.6	0	0	0.9	7.7	3.9	0	0	B	0	0.0	0.0	0.0	0.0	Free Agent	11	0.6	1.0	RB	DAL	2013
427	427	Broyles, Ryan	14.5	2.42			5.9	0	4.2	0	3.1	1.3	B								Free Agent (P)	9	0.6	1.0	WR	DET	2013
428	428	Hanna, James	14.3	0.95	0.0	4.0	0.0	0	0.8	0	0	2.7	3.1	2.6	B	0	0.0	1.1	0.0	0.0	Free Agent	11	0.6	1.0	TE	DAL	2013
429	429	Ford, Chase	14.0	1.75					B				0	0.7	2.1	3	0.7	0.0	7.5	0.0	Free Agent	5	0.6	1.0	TE	MIN	2013
430	430	Michael, Christine	14.0	4.67			7.0							5.9	1.1	B					Just Win Baby - Trade	12	2.6	3.0	RB	SEA	2013
431	431	Burton, Stephen	13.8	3.45	0.0	4.0	7.7						B	2.1							Free Agent	9	0.6	1.0	WR	JAC	2013
432	432	Ellison, Rhett	13.8	1.38	0.0	0.0			B	0	0				0	10.1	0.0	0.0	0.0	3.7	Free Agent	5	0.6	1.0	TE	MIN	2013
433	433	Scheffler, Tony	13.7	2.74	0.0	0.0	2.0	3.2	8.5												Free Agent	-	0.6	1.0	TE	FA	2013
434	434	Mastrud, Jeron	13.3	0.89	5.1	0.0	0.0	1.3	0	2.3	B	1.4	0	0	0	1	0.0	0.0	0.0	2.2	Free Agent	7	0.6	1.0	TE	OAK	2013
435	435	Johnson, Will	13.2	0.88	0.0	0.0	1.0	0	B	1.2	0	0	0	0	6.6	1.4	0.0	1.4	0.0	1.6	Free Agent	5	0.6	1.0	RB	PIT	2013
436	436	Sims, Dion	13.2	0.94	0.0	0.0	6.6	0	0	B	0	0.9		0	0	1.6	1.3	1.7	1.1	0.0	Free Agent	6	0.6	1.0	TE	MIA	2013
437	437	Hill, Josh	12.8	0.98	0.0	0.0	0.0	0	0	0	B	2.7	0.2	0	6.8	3.1	0.0	0.0			Free Agent	7	0.6	1.0	TE	NOS	2013
438	438	Noble, Danny	12.7	1.81									B	0	12.7	0	0.0	0.0	0.0	0.0	Free Agent	9	0.6	1.0	TE	JAC	2013
439	439	Olawale, Jamize	12.5	0.83	0.0	0.0	0.0	2.9	3	0	B	0	0	0	0	4.2	0.0	2.0	0.4	0.0	Free Agent	7	0.6	1.0	RB	OAK	2013
440	440	Cox, Michael	12.4	0.95	0.0			0	0	0	5.6	6.3	B	0	0	0	0.0	0.0	0.0	0.5	Free Agent	9	0.6	1.0	RB	NYG	2013
441	441	Goodson, Mike	12.4	6.2					6.2	6.2				B							Free Agent	10	0.6	1.0	RB	NYJ	2013
442	442	Hixon, Domenik	12.4	0.89		0.0	1.3	B	0	0	0	0.9	0	1.4	0	0	0.0	0.0	0.0	8.8	Free Agent	4	0.6	1.0	WR	CAR	2013
443	443	Collie, Austin	12.3	1.76						4.4	2	0	0	B				1.4	4.5	0.0	Free Agent	10	0.6	1.0	WR	NEP	2013
444	444	Cribbs, Josh	12.3	2.05							2.5	0	5.3	B	1.3	3.2	0.0				Free Agent (P)	10	0.6	1.0	WR	NYJ	2013
445	445	Smith, Lee	12.3	0.82	0.0	0.0	0.0	3.8	0	0	2.8	0	0	0	0.6	B	0.0	1.7	0.0	3.4	Free Agent	12	0.6	1.0	TE	BUF	2013
446	446	Herron, Dan	12.0	2.0							0	B	0	6.9	0	5.1	0.0				Free Agent (P)	8	0.6	1.0	RB	IND	2013
447	447	Wheaton, Markus	11.9	1.08	0.0	0.0	0.0	5.6	B					0	6.3	0	0.0	0.0	0.0	0.0	davyhouse - Trade	5	2.2	4.0	WR	PIT	2013
448	448	Paulson, David	11.7	0.78	0.0	3.9	1.1	0	B	0	2.7	0	0	0	0	0	0.0	0.0	0.0	4.0	Free Agent	5	0.6	1.0	TE	PIT	2013
449	449	White, Myles	11.6	1.66				B			1.4	6.5	1.3	1.4		0	0.0	1.0			Free Agent (P)	4	0.6	1.0	WR	GBP	2013
450	450	Potter, John	11.5	3.83		1.0	7.0	3.5					B								Free Agent	9	0.6	1.0	PK	DET	2013
451	451	Ballard, Vick	11.4	11.4	11.4							B									Free Agent (P)	8	0.6	1.0	RB	IND	2013
452	452	Egnew, Michael	11.4	0.81	0.0	0.0	1.3	0	0	B	0	2.1	2.3	1.2	0	1	0.0	0.0	3.5		Free Agent	6	0.6	1.0	TE	MIA	2013
453	453	Davis, Kellen	11.2	0.8		0.0	4.6	0	0	0	6.6	0	0	0	0	B	0.0	0.0	0.0	0.0	Free Agent	12	0.6	1.0	TE	SEA	2013
454	454	Lockette, Ricardo	11.1	1.59									1	0	3.7	B	4.5	0.0	0.0	1.9	Free Agent	12	0.6	1.0	WR	SEA	2013
455	455	Crabtree, Tom	10.6	1.51					B	0	2.4	0.5	6.7	0	1	0					Free Agent	5	0.6	1.0	TE	TBB	2013
456	456	Dreessen, Joel	10.6	0.88				0	0	0.9	0	8.4	B	0	0	0	0.0	1.3	0.0	0.0	Free Agent (P)	9	0.6	1.0	TE	DEN	2013
457	457	Gray, Cyrus	10.5	0.7	2.3	0.0	0.0	0	0	0	0.5	0	0	B	0	0	1.3	1.4	3.3	1.7	Free Agent	10	0.6	1.0	RB	KCC	2013
458	458	Jenkins, A.J.	10.5	0.7	0.0	0.0	1.1	0	0	0	0	0	0	B	0	3.2	5.5	0.0	0.7	0.0	Free Agent	10	0.6	1.0	WR	KCC	2013
459	459	Johnson, David	10.5	2.1	2.1	0.0	7.1	1.3	B	0											Free Agent	5	0.6	1.0	TE	PIT	2013
460	460	Lorig, Erik	10.5	0.75		0.0	0.6	3	B	0	0	0.7	3.4	0	0.8	0	0.5	0.0	0.0	1.5	Free Agent	5	0.6	1.0	RB	TBB	2013
461	461	James, LaMichael	10.3	1.14				0.6	4.4				B	0.2	2	0	0.0	0.0	3.1	0.0	Ryan - Trade	9	2.4	2.0	RB	SFO	2013
462	462	Ta'ufo'ou, Will	9.8	0.65	2.1	1.5	1.1	0	1	1.3	0	1.8	B	0	1	0	0.0	0.0	0.0	0.0	Free Agent	9	0.6	1.0	RB	JAC	2013
463	463	Toon, Nick	9.8	1.23	0.0			2.8	4.5	1.2	B	0	0	0	1.3						Free Agent	7	0.6	1.0	WR	NOS	2013
464	464	Karim, Deji	9.5	1.36								B		0	0	0	0.0	0.0	3.4	6.1	Free Agent	8	0.6	1.0	RB	HOU	2013
465	465	Moye, Derek	9.5	1.36	0.0	6.6		0	B	0	2.9	0	0								Free Agent	5	0.6	1.0	WR	PIT	2013
466	466	Sanzenbacher, Dane	9.4	1.04			0.0	1.1	0	3.3	1.2	3.8	0	0	0	B					Free Agent	12	0.6	1.0	WR	CIN	2013
467	467	Sudfeld, Zach	9.1	0.7	0.0		0.0	0		0	0	2.5	6.6	B	0	0	0.0	0.0	0.0	0.0	Free Agent	10	0.6	1.0	TE	NYJ	2013
468	468	McClain, Le'Ron	8.9	0.59	0.4	0.0	1.4	2	0	2.2	1.3	B	0	0	0	0	0.8	0.8	0.0	0.0	Free Agent	8	0.6	1.0	RB	SDC	2013
469	469	Murphy, Louis	8.9	0.68	0.0	0.0	-1.7	0			0	0	B	0	0	6.9	0.0	0.0	1.2	2.5	Free Agent	9	0.6	1.0	WR	NYG	2013
470	470	Thompson, Taylor	8.8	0.59	0.0	0.0	0.0	0	0	0	0	B	0	7.4	0	1.4	0.0	0.0	0.0	0.0	Free Agent	8	0.6	1.0	TE	TEN	2013
471	471	Fiammetta, Tony	8.7	0.58	0.0	0.0	0.0	0	0	4	0	B	0	0.9	0	3.8	0.0	0.0	0.0	0.0	Free Agent	8	0.6	1.0	RB	CHI	2013
472	472	DiMarco, Patrick	8.6	0.66			0.0	0	2.2	B	0	2.3	0	0	0	0	1.0	1.2	1.2	0.7	Free Agent	6	0.6	1.0	RB	ATL	2013
473	473	Mulligan, Matthew	8.6	0.61		0.0	0.0	6.6	0	0	0	0	0	B	0	0	0.0	2.0	0.0	0.0	Free Agent	10	0.6	1.0	TE	NEP	2013
474	474	Simms, Matt	8.6	2.87								4		B	8.8		-4.2				Free Agent	10	0.6	1.0	QB	NYJ	2013
475	475	Allen, Dwayne	8.5	8.5	8.5							B									Free Agent	8	0.6	1.0	TE	IND	2013
476	476	Gray, MarQueis	8.4	0.76			0.0	0	0	1.7	0.2	1	0.3	B			0.0	0.8	4.4	0.0	Free Agent	10	0.6	1.0	TE	CLE	2013
477	477	Green, Alex	8.3	0.75	0.0		2.4	1.1	0	0	0	4.8		B			0.0	0.0	0.0	0.0	Free Agent	10	0.6	1.0	RB	NYJ	2013
478	478	Felton, Jerome	8.2	0.68				0	B	0	0.6	0	2.1	0	2.8	1.7	1.0	0.0	0.0	0.0	Free Agent	5	0.6	1.0	RB	MIN	2013
479	479	Stewart, Jeremy	8.2	0.68	0.0	0.0	0.0	1	0.6	0	B	0	6.6	0	0	0	0.0				Free Agent	7	0.6	1.0	RB	OAK	2013
480	480	Edwards, Patrick	8.1	2.02	5.5	0.0			2.6	0			B								Free Agent	9	0.6	1.0	WR	DET	2013
481	481	Paul, Niles	8.1	0.58	0.0	0.0	0.0	3.5	B	0	0	0	1.1	0	0	0		3.5	0.0	0.0	Free Agent	5	0.6	1.0	TE	WAS	2013
482	483	Moore, Marlon	7.8	0.6	0.0	1.1	0.0		0	B		0		0	0	3.5	0.0	0.0	2.1	0.0	Free Agent	6	0.6	1.0	WR	MIA	2013
483	484	Spaeth, Matt	7.6	2.53					B									0.0	0.0	7.6	Free Agent	5	0.6	1.0	TE	PIT	2013
484	485	Cadet, Travaris	7.5	0.58	0.0	0.0	0.0	0	0	6.8	B		0	0	0	0.7	0.0	0.0	0.0		Free Agent	7	0.6	1.0	RB	NOS	2013
485	486	Smith, Alex	7.5	0.5	0.0	0.0	0.0	0	0	0	0	0	0	0.8	6.7	B	0.0	0.0	0.0	0.0	Free Agent (P)	12	0.6	1.0	TE	CIN	2013
486	487	Conner, John	7.1	0.59				0	0	0	3.7	2.2	B	0	1.2	0	0.0	0.0	0.0	0.0	Free Agent	9	0.6	1.0	RB	NYG	2013
487	488	Mooney, Collin	7.1	0.59	0.0	1.0	0.0	0.8	0	0	0	B	3.2	0	0	1.6	0.5				Free Agent (Q)	8	0.6	1.0	RB	TEN	2013
488	489	Page, Eric	7.1	0.47	0.0	0.0	8.0	0	B	0	0	-0.7	0	0	0	0	0.0	0.2	-3.0	2.6	Free Agent	5	0.6	1.0	WR	TBB	2013
489	490	Jean, Lestar	7.0	0.7	0.0	0.0				2.9	4.1	B	0	0	0	0			0.0	0.0	Free Agent (I)	8	0.6	1.0	WR	HOU	2013
490	491	Reisner, Allen	7.0	1.4	5.1	1.9	0.0	0	0				B								Free Agent	9	0.6	1.0	TE	JAC	2013
491	492	Taylor, Ryan	7.0	0.54	0.0	0.0	2.6	B	0	0			0	1.4	0	0	1.3	1.7	0.0	0.0	Free Agent	4	0.6	1.0	TE	GBP	2013
492	493	Holliday, Trindon	6.9	0.49	0.0	6.0	0.0	6	0	0	-3	0.9	B	0	0	-3	0.0		0.0	0.0	Free Agent	9	0.6	1.0	WR	DEN	2013
493	494	Webb, Joe	6.8	0.45	0.0	0.0	0.0	0	B	4.9	0	0	0	0	1.9	0	0.0	0.0	0.0	0.0	Free Agent	5	0.6	1.0	WR	MIN	2013
494	495	Anderson, C.J.	6.7	1.68								4	B	0	0	2.7					Free Agent	9	0.6	1.0	RB	DEN	2013
495	496	Taylor, Tyrod	6.6	2.2								B		2.5		3				1.1	Free Agent	8	0.6	1.0	QB	BAL	2013
496	497	Green, Virgil	6.5	0.43	0.0	1.0	0.8	1	0	0	0	0	B	0.9	0	0.8	0.7	0.0	0.0	1.3	Free Agent	9	0.6	1.0	TE	DEN	2013
497	498	Byham, Nate	6.3	1.57	0.6	4.4	1.3	0	B												Free Agent (P)	5	0.6	1.0	TE	TBB	2013
498	499	Demps, Jeff	6.2	3.1				3.4	B	2.8											Free Agent	5	0.6	1.0	RB	TBB	2013
499	500	Casey, James	6.1	0.44	0.0	0.0	0.0	2.2	0		0	2.1	0	1.8	0	B	0.0	0.0	0.0	0.0	Free Agent	12	0.6	1.0	TE	PHI	2013
500	501	Cooper, Josh																							WR	CLE	2013
